,UMAP Dimension 1,UMAP Dimension 2,antibody
0,8.650199,6.723126,1-57
1,-5.485366,8.781423,2-15
2,-6.660073,8.920135,7D6
3,-2.323516,1.0053793,ADG-2
4,-5.0706997,8.59306,B38
5,-2.4128501,8.228933,BD-196
6,11.185091,11.600768,BD-218
7,-5.66953,8.711772,BD-236
8,-7.2757907,7.791955,BD-254
9,9.624113,7.7724266,BD-255
10,2.9362736,6.9716597,BD-319
11,-6.717322,8.8631525,BD-362
12,-7.216224,8.132639,BD-368
13,13.296643,15.392875,BD-369
14,11.172952,11.651549,BD-380
15,11.235262,11.737135,BD-395
16,-2.0268054,8.673487,BD-397
17,-5.626778,8.813595,BD-403
18,-6.7982874,3.7149565,BD-417
19,9.861094,8.892963,BD-418
20,3.180385,9.04978,BD-421
21,-2.9762728,3.3153095,BD-449
22,7.0506086,6.289105,BD-467
23,-2.1070383,1.2454879,BD-494
24,4.0794916,3.8032725,BD-498
25,4.5440965,4.1681633,BD-500
26,10.788871,12.397572,BD-503
27,-2.8939304,9.031987,BD-504
28,9.880144,7.637846,BD-507
29,13.26713,15.203279,BD-515
30,-1.2864288,9.17361,BD-536
31,8.647638,-2.7278798,BD-566
32,-6.949639,4.413918,BD-598
33,10.205783,12.789623,BD-599
34,-1.9306785,1.4641238,BD-605
35,6.9675326,6.225907,BD-612
36,13.095033,15.003525,BD-613
37,-4.069202,1.9011993,BD-614
38,12.291422,13.968851,BD-616
39,-6.7039948,2.6148558,BD-618
40,-6.4698396,2.722787,BD-619
41,10.115181,-3.5243907,BD-623
42,11.1809635,13.209238,BD-628
43,-5.931371,8.875768,BD-629
44,-6.821112,4.638283,BD-643
45,5.663572,7.0319953,BD-667
46,0.44472823,10.618417,BD-670
47,9.06285,12.037096,BD-692
48,-7.0581145,2.744885,BD-693
49,-6.618343,2.6053975,BD-694
50,5.6547127,6.6686835,BD-713
51,-4.306947,2.032459,BD-715
52,11.308477,13.778474,BD-725
53,-7.324144,3.0486329,BD-732
54,-3.4949713,3.0062406,BD-739
55,8.939043,8.799211,BD-744
56,-5.8854976,8.895721,BD-751
57,5.183542,5.449071,BD-758
58,-7.267671,7.2389894,BD-767
59,4.261317,2.9565692,BD-771
60,-7.138803,8.358418,BD-790
61,-3.823783,7.9167705,BD-791
62,13.433712,15.627851,BD-796
63,8.884926,7.8859596,BD-804
64,8.82918,-2.8875723,BD-805
65,9.255424,-3.1896398,BD-807
66,10.368952,8.459573,BD-812
67,-4.282514,2.0771918,BD-813
68,7.805379,6.742734,BD-817
69,8.308594,6.566743,BD-821
70,-6.9389467,2.4941583,BD-822
71,6.086879,6.515467,BD-824
72,-3.4946012,1.508935,BD-826
73,11.2864895,13.084618,BD-827
74,11.942142,-4.001462,BD-833
75,-7.1009665,8.4416895,BD-835
76,9.3468,-3.2385788,BD-836
77,11.961325,-4.0045385,BD-837
78,10.483376,12.342937,BD-846
79,4.1610866,7.020898,BD-864
80,-5.0883265,8.58122,BD-870
81,-6.7283726,8.834272,BD-897
82,11.031526,-3.7858882,BD-898
83,-2.2552426,0.8791388,BD-899
84,-4.1031833,7.9384594,BD-900
85,8.67014,10.127854,BD-901
86,8.131753,9.419145,BD-904
87,-7.239454,8.033354,BD-906
88,8.557254,6.0849056,BD-907
89,13.552776,-4.483434,BD-912
90,8.54674,8.0086355,BD-914
91,7.6065936,8.55494,BD-915
92,9.056638,12.141024,BD-916
93,4.6489825,5.1861744,BD-918
94,10.159207,-3.5335321,BD-922
95,9.141854,9.073794,BD-923
96,7.589348,8.471044,BD55-1004
97,-1.1336062,9.261732,BD55-1009
98,0.20435968,12.446442,BD55-1035
99,10.566004,8.696344,BD55-1036
100,5.999526,6.2375193,BD55-1039
101,-0.8770656,9.457508,BD55-1049
102,-3.3740954,7.9621053,BD55-1051
103,-7.0754967,8.501632,BD55-1065
104,0.43660104,12.137959,BD55-1066
105,11.503909,13.808522,BD55-1073
106,12.051975,14.167953,BD55-1075
107,-2.3907423,8.285628,BD55-1078
108,10.57697,8.713226,BD55-1084
109,0.3729216,0.19141062,BD55-1091
110,-6.6041965,2.6272643,BD55-1092
111,-0.794009,0.43399638,BD55-1096
112,10.4014225,8.537307,BD55-1104
113,9.769047,7.3450027,BD55-1109
114,6.7916613,4.155605,BD55-1114
115,-3.9001255,7.428749,BD55-1132
116,-1.7979277,1.5712191,BD55-1136
117,-6.727025,4.9430346,BD55-1171
118,4.0854673,3.7738893,BD55-1177
119,9.031504,-3.0509646,BD55-1180
120,3.5306747,11.320495,BD55-1192
121,7.6283956,8.465925,BD55-1208
122,-7.315682,7.595114,BD55-1223
123,-2.164091,1.3206204,BD55-1225
124,-2.9501388,2.5323591,BD55-1232
125,6.7056317,5.026182,BD55-1233
126,-3.921297,1.7746863,BD55-1237
127,3.2809658,1.2373465,BD55-1239
128,-3.0617132,3.2706258,BD55-1245
129,-7.1972795,2.8647985,BD55-1249
130,9.064742,12.05975,BD55-1251
131,-6.6241093,8.886671,BD55-1256
132,9.714786,-3.3510427,BD55-1263
133,13.581909,15.962614,BD55-1268
134,0.42477506,12.16405,BD55-1270
135,10.248006,13.245716,BD55-1273
136,-6.6434555,4.81487,BD55-1274
137,7.91488,8.13588,BD55-1284
138,7.4582725,6.945185,BD55-1294
139,8.585451,10.089521,BD55-1312
140,-2.8493905,2.6010563,BD55-1323
141,8.726284,-2.7961576,BD55-1334
142,8.135565,10.108216,BD55-1338
143,7.4016314,6.977854,BD55-1339
144,3.1852124,1.0864354,BD55-1343
145,0.51939917,10.927011,BD55-1345
146,7.814041,9.584851,BD55-1346
147,12.416531,14.424462,BD55-1354
148,-6.8729963,2.498112,BD55-1374
149,8.852822,8.788374,BD55-1381
150,5.4718075,3.705379,BD55-1403
151,-0.062221397,0.38490078,BD55-1411
152,8.373511,8.122288,BD55-1416
153,13.048819,-4.1712303,BD55-1421
154,6.005667,6.275406,BD55-1432
155,0.48912418,10.811178,BD55-1435
156,4.09479,7.829411,BD55-1442
157,-3.2347312,3.2044237,BD55-1450
158,-3.230984,1.4451269,BD55-1456
159,11.036882,12.217133,BD55-1486
160,-2.7616165,9.0145645,BD55-1502
161,11.18888,11.581788,BD55-1503
162,-2.9426198,2.5228455,BD55-1507
163,4.3554873,2.9608433,BD55-1508
164,-1.5187882,9.04095,BD55-1558
165,6.6851344,4.8864717,BD55-1575
166,-7.3084474,7.183636,BD55-1576
167,-5.6750994,8.81407,BD55-1579
168,9.003652,12.026458,BD55-1604
169,-2.3838203,8.262755,BD55-1694
170,9.033092,8.930153,BD55-1706
171,3.624991,2.954179,BD55-1723
172,13.6406765,16.024014,BD55-1763
173,4.449475,5.2613635,BD55-1779
174,-4.278201,2.0007737,BD55-1789
175,-7.320969,7.4938354,BD55-1809
176,3.580595,11.370205,BD55-1957
177,2.0886595,11.009254,BD55-1962
178,-6.6896505,2.7812629,BD55-1970
179,-2.9541543,2.451512,BD55-199
180,6.3081226,5.970676,BD55-2532
181,7.836061,9.119962,BD55-2696
182,-7.3066745,3.5848308,BD55-300
183,9.248759,8.933198,BD55-302
184,11.409852,13.385928,BD55-311
185,-2.7650468,1.5754259,BD55-3149
186,7.6730046,8.546445,BD55-3150
187,7.8187666,6.7280436,BD55-3152
188,1.8504429,0.4240007,BD55-3304
189,9.840971,7.4301333,BD55-3337
190,8.994311,11.855583,BD55-3414
191,12.666229,14.500857,BD55-3417
192,6.3633375,5.9859133,BD55-3433
193,5.5947328,5.650458,BD55-3440
194,-2.8752487,3.3520958,BD55-3451
195,-3.411486,3.064833,BD55-3457
196,9.57764,9.100783,BD55-347
197,4.5792494,4.9340796,BD55-3485
198,2.7479234,0.069694355,BD55-3500
199,7.5680304,8.542975,BD55-3546
200,-2.8573701,3.3733623,BD55-3716
201,10.398357,12.938685,BD55-3721
202,8.993134,12.087463,BD55-3773
203,10.765427,12.867722,BD55-3832
204,10.419768,8.5320835,BD55-387
205,-2.9286096,3.3462563,BD55-4281
206,-3.435116,3.0466454,BD55-4285
207,-3.450701,3.0209494,BD55-4325
208,-2.931328,3.329606,BD55-4344
209,0.73441523,0.22306862,BD55-4345
210,-2.929926,2.7628477,BD55-4348
211,-4.1160936,7.959876,BD55-4351
212,0.22771749,12.368725,BD55-4382
213,-0.035454847,10.021779,BD55-4397
214,8.52735,6.059899,BD55-44
215,8.799611,11.177482,BD55-4418
216,6.4738936,3.9222312,BD55-4467
217,0.79897237,0.2720948,BD55-4483
218,6.826689,6.3603997,BD55-4495
219,9.808636,-3.3866491,BD55-4662
220,6.4434786,6.6190643,BD55-4664
221,11.417567,13.948151,BD55-4804
222,-2.939401,2.9169383,BD55-4892
223,7.9783564,8.879262,BD55-5001
224,-3.6081073,2.8062856,BD55-5163
225,0.2843383,0.19100066,BD55-5164
226,-2.6458952,1.1913979,BD55-5166
227,0.9601477,0.2069817,BD55-5167
228,3.243572,1.4308565,BD55-5170
229,9.609824,12.746141,BD55-5175
230,0.3436006,10.292957,BD55-5176
231,6.7319455,5.09555,BD55-5182
232,12.617808,-4.103647,BD55-5183
233,-2.513955,0.994371,BD55-5189
234,-3.1942747,3.2138505,BD55-5195
235,5.339744,3.3477228,BD55-5196
236,-3.5857236,2.4654367,BD55-5198
237,-2.9966924,2.3280644,BD55-5200
238,3.7843957,2.3503382,BD55-5201
239,3.692181,2.845405,BD55-5212
240,6.8448386,4.579067,BD55-5219
241,0.98663795,0.21088754,BD55-5223
242,9.234788,12.150048,BD55-5226
243,-1.8459871,1.3556409,BD55-5228
244,5.10313,3.2067263,BD55-5233
245,8.175788,10.502889,BD55-5236
246,-2.5395546,1.0137414,BD55-5238
247,-0.7010196,0.37053847,BD55-5239
248,2.502647,0.2651205,BD55-5242
249,3.1180851,0.8469381,BD55-5245
250,7.8459773,9.651207,BD55-5248
251,11.190108,13.197492,BD55-5251
252,5.704966,3.682529,BD55-5256
253,8.171811,10.698051,BD55-5259
254,3.261146,1.3136793,BD55-5264
255,0.648552,0.16192208,BD55-5265
256,1.0750853,0.23179105,BD55-5267
257,0.18461443,0.18119557,BD55-5276
258,5.266609,3.707147,BD55-5286
259,5.275222,3.2371764,BD55-5296
260,1.7005304,0.24454796,BD55-5301
261,6.5170035,6.0718136,BD55-5303
262,5.109241,3.1931643,BD55-5304
263,1.7540059,0.25882676,BD55-5305
264,5.2766075,5.475497,BD55-5319
265,-2.326913,1.0572062,BD55-5323
266,6.788104,4.2766347,BD55-5325
267,0.28785598,0.15151003,BD55-5327
268,-2.87408,3.361137,BD55-5333
269,-2.4281418,0.9526967,BD55-5339
270,-3.34609,3.1081207,BD55-5342
271,3.66082,3.0273626,BD55-5343
272,6.893534,4.201474,BD55-5354
273,5.3784375,3.7413898,BD55-5358
274,2.915622,1.0922905,BD55-5380
275,7.6076922,6.7323623,BD55-5382
276,1.2706051,0.23495817,BD55-5384
277,-3.3146214,2.606205,BD55-5386
278,-4.0141463,1.9769633,BD55-5396
279,3.6355336,2.9029346,BD55-5397
280,7.9766464,8.8630295,BD55-5399
281,13.672412,16.067568,BD55-5402
282,6.4257827,3.8923652,BD55-5404
283,7.910241,9.687541,BD55-5408
284,8.878252,11.337078,BD55-5413
285,6.553637,3.9718382,BD55-5415
286,-2.882756,3.357294,BD55-5416
287,2.223971,0.33636636,BD55-5427
288,6.48977,3.7081842,BD55-5431
289,-2.222177,1.1568434,BD55-5432
290,13.534949,15.856943,BD55-5435
291,-6.9324007,3.539106,BD55-5448
292,5.0835056,5.334881,BD55-5449
293,8.098096,10.587888,BD55-5459
294,13.632426,16.017975,BD55-5462
295,-6.485899,3.1754625,BD55-5466
296,9.381327,12.454612,BD55-5467
297,-3.2828946,1.4066398,BD55-5468
298,9.352364,12.415069,BD55-547
299,6.278069,6.005878,BD55-5473
300,0.98987794,0.19821672,BD55-5474
301,-2.9772494,2.5465853,BD55-5477
302,4.477523,4.5856223,BD55-5484
303,8.62132,10.538929,BD55-5486
304,-2.8754716,2.190192,BD55-5501
305,-2.8870807,3.3651323,BD55-5512
306,2.7551622,0.082391486,BD55-5516
307,10.253288,8.955875,BD55-5517
308,2.1016684,0.4877221,BD55-5521
309,6.6044564,3.790133,BD55-5526
310,3.1788607,1.0892934,BD55-5537
311,6.359928,3.8753963,BD55-5540
312,-3.671636,2.6822443,BD55-5542
313,-3.6344006,2.7384477,BD55-5543
314,7.2313128,6.533678,BD55-5549
315,8.608495,10.2444725,BD55-5557
316,11.825404,-3.981886,BD55-556
317,-2.8032584,1.5671824,BD55-5564
318,8.172213,10.647512,BD55-5565
319,13.659518,16.059486,BD55-5566
320,5.120418,3.7816408,BD55-5580
321,2.8611205,7.2398763,BD55-5583
322,5.0061774,5.2533646,BD55-5585
323,5.313358,3.513716,BD55-5588
324,6.330521,6.0017557,BD55-5591
325,-3.5946553,2.7607296,BD55-5593
326,1.0974715,0.22414361,BD55-5594
327,-6.764619,2.9070787,BD55-5598
328,-1.2934872,9.177281,BD55-5599
329,-2.890222,2.2280686,BD55-5612
330,-1.3053635,1.0929525,BD55-5615
331,1.6066861,0.22860132,BD55-5620
332,12.365123,14.002811,BD55-5625
333,10.2637005,13.294864,BD55-5629
334,-7.1306963,3.1323178,BD55-5631
335,-6.7405505,8.802088,BD55-5634
336,1.7571554,0.25119388,BD55-5638
337,2.7461438,0.0923449,BD55-5640
338,-1.7806851,1.5437746,BD55-5643
339,-2.848507,2.0937333,BD55-5644
340,7.970071,8.989489,BD55-5649
341,4.3652506,2.953236,BD55-5655
342,-6.7237844,4.8402805,BD55-5659
343,-2.4839795,1.0088339,BD55-5662
344,2.2188697,0.33251667,BD55-5675
345,-2.8541927,2.1859767,BD55-5676
346,-6.6773767,2.6393712,BD55-5689
347,-0.13399442,0.27764663,BD55-5690
348,-2.7530897,8.046475,BD55-5693
349,9.784358,12.919166,BD55-5694
350,6.4983015,6.078904,BD55-5697
351,1.7383101,0.24493028,BD55-5699
352,3.2624173,0.99536353,BD55-5700
353,0.08508874,0.20797867,BD55-5713
354,-0.72625536,0.39698756,BD55-5715
355,8.375454,10.392742,BD55-5718
356,1.4341835,10.217879,BD55-5721
357,-3.449068,2.997659,BD55-5728
358,13.3658085,15.092323,BD55-5731
359,6.4640093,3.7364016,BD55-5733
360,1.1717284,0.22519054,BD55-5736
361,0.08397434,0.20799379,BD55-5737
362,6.38865,3.9409149,BD55-5743
363,7.980725,8.9412155,BD55-5745
364,-4.0224085,7.9379954,BD55-5747
365,8.721512,11.083507,BD55-5748
366,7.966517,9.732481,BD55-5752
367,0.58156145,0.27530673,BD55-5761
368,4.2261896,3.7417047,BD55-5771
369,10.056392,-3.5059645,BD55-5774
370,-2.9670649,2.4736652,BD55-5775
371,6.293962,5.964913,BD55-5779
372,-3.2153049,3.1968973,BD55-5785
373,12.255068,14.316015,BD55-5790
374,6.33036,3.8285418,BD55-5792
375,-1.5743072,1.2937304,BD55-5811
376,11.716085,13.912115,BD55-5815
377,-4.065345,7.2177477,BD55-5831
378,3.5299191,11.372669,BD55-5836
379,-3.418786,7.9364614,BD55-5854
380,-2.8503335,9.00995,BD55-5856
381,7.987504,9.560522,BD55-5865
382,13.577073,-4.5028586,BD55-5866
383,-2.3382149,0.8730181,BD55-5874
384,3.1872215,1.0338863,BD55-5878
385,10.611887,12.121315,BD55-5880
386,3.893188,3.090966,BD55-5882
387,10.111025,-3.521515,BD55-5887
388,10.323737,13.382539,BD55-5892
389,8.761016,11.205382,BD55-5895
390,-7.0785365,4.118637,BD55-5897
391,9.501384,12.561572,BD55-5898
392,-5.081519,8.568803,BD55-5901
393,-6.725501,4.80432,BD55-5903
394,0.9925456,11.603058,BD55-5904
395,4.149076,3.7128644,BD55-5906
396,-6.634898,8.91575,BD55-5908
397,1.9425739,11.006547,BD55-5909
398,9.306526,-3.2327795,BD55-5912
399,4.339887,2.987556,BD55-5917
400,-7.0763073,8.499026,BD55-5918
401,3.2586339,1.2925274,BD55-5919
402,0.16854408,12.490346,BD55-5920
403,0.25695452,12.3885145,BD55-5921
404,10.943077,12.8671665,BD55-5923
405,-3.4194393,7.9625077,BD55-5925
406,6.858925,4.6217475,BD55-5927
407,11.287595,13.758565,BD55-593
408,0.12460926,12.532805,BD55-5930
409,-2.9326284,2.5123231,BD55-5933
410,-2.6198997,1.1255513,BD55-5935
411,0.95454204,11.607032,BD55-5939
412,-3.3301902,1.4154751,BD55-5940
413,0.41239253,12.2062645,BD55-5941
414,5.5687056,3.674838,BD55-5942
415,-1.366872,9.1321125,BD55-5943
416,-2.937743,2.5034423,BD55-5945
417,3.5841382,8.440142,BD55-5946
418,-5.6044993,8.782201,BD55-5948
419,-7.226328,7.3808722,BD55-5950
420,3.851066,3.1840756,BD55-5955
421,4.324707,2.9441705,BD55-5957
422,0.5177568,0.18853523,BD55-5959
423,1.8363163,11.142554,BD55-5962
424,-4.084781,1.8960806,BD55-5966
425,0.25837418,12.387092,BD55-5967
426,-6.5331626,2.7563915,BD55-5974
427,-7.3803096,3.2281733,BD55-600
428,5.349589,3.2879982,BD55-6012
429,8.804496,11.2227955,BD55-6013
430,3.243548,1.0159314,BD55-6014
431,0.041993454,0.22189257,BD55-6015
432,-0.29406786,0.32007217,BD55-6019
433,1.2528464,0.23226465,BD55-6025
434,11.319226,13.941357,BD55-603
435,12.189424,14.287836,BD55-6030
436,1.8897735,0.2776051,BD55-6033
437,11.415453,13.959175,BD55-6038
438,8.933448,11.464348,BD55-6039
439,7.7435102,9.436209,BD55-6040
440,8.343171,10.841864,BD55-6044
441,12.271262,14.325673,BD55-6050
442,-2.4652522,1.0546432,BD55-6051
443,2.0761924,10.976805,BD55-606
444,11.375078,13.970885,BD55-6060
445,0.10229109,0.2011733,BD55-6063
446,2.7763457,0.07025519,BD55-6064
447,-2.3953867,0.90757436,BD55-6066
448,-0.14906041,0.28389484,BD55-6068
449,1.8184336,0.27408266,BD55-6069
450,12.103679,14.218593,BD55-6074
451,10.842699,12.931537,BD55-6075
452,3.2341821,1.00336,BD55-6080
453,3.852023,2.5426083,BD55-6083
454,-2.4024575,0.88957494,BD55-6086
455,0.30898592,0.18989086,BD55-6087
456,-0.07084096,0.2646729,BD55-6088
457,5.9836555,3.762138,BD55-6090
458,5.3823285,3.2718482,BD55-6092
459,-3.0759585,9.002867,BD55-6096
460,-3.5637963,2.8681216,BD55-6099
461,3.2034848,1.0258913,BD55-6105
462,0.973888,0.21752776,BD55-6106
463,-2.3491251,1.0869195,BD55-6112
464,7.7027197,9.256526,BD55-6130
465,8.188189,10.56449,BD55-6158
466,4.253378,11.990712,BD55-616
467,8.371125,10.829587,BD55-6190
468,5.7733455,3.7129195,BD55-6195
469,3.2410085,0.96077704,BD55-6197
470,5.586478,3.721968,BD55-6203
471,5.2557917,3.2810237,BD55-6206
472,7.727392,9.202483,BD55-6208
473,11.628705,14.069064,BD55-6223
474,1.6948845,0.24638398,BD55-6231
475,-2.4735563,0.9923363,BD55-6236
476,-3.9961753,7.4281116,BD55-6241
477,-0.7141712,0.39675868,BD55-6243
478,6.8873625,4.096733,BD55-6247
479,-3.520629,2.109968,BD55-6251
480,6.7958317,4.0583553,BD55-6261
481,1.0257398,0.2148777,BD55-6262
482,3.2481124,1.2810366,BD55-6263
483,2.3681824,0.29263574,BD55-6268
484,-0.24090129,0.36486188,BD55-6272
485,8.765727,11.260954,BD55-6276
486,10.936767,12.289342,BD55-6279
487,6.822505,4.1959734,BD55-6281
488,2.5819902,0.26349974,BD55-6283
489,9.600518,12.617886,BD55-6284
490,8.750513,11.230819,BD55-6286
491,9.420778,12.459514,BD55-6291
492,3.203404,1.070409,BD55-6297
493,9.147998,12.055139,BD55-6301
494,-0.6373401,0.33974427,BD55-6305
495,-0.07316266,0.25510234,BD55-6306
496,8.772435,11.052253,BD55-6307
497,0.03983346,0.21092737,BD55-6308
498,7.9863973,9.867943,BD55-6314
499,8.337035,10.902488,BD55-6329
500,3.6376657,3.0930111,BD55-6335
501,11.44071,13.987503,BD55-6336
502,-0.66278833,0.35259452,BD55-6339
503,-2.5433388,1.0547925,BD55-6340
504,9.015677,12.046556,BD55-6342
505,-2.592059,1.1388017,BD55-6347
506,12.505856,14.374823,BD55-6355
507,6.848397,4.0336685,BD55-6361
508,7.579415,8.565856,BD55-6369
509,7.9659963,9.813869,BD55-6370
510,9.91162,12.612386,BD55-6372
511,-2.8585215,2.2642684,BD55-6373
512,10.484608,12.84046,BD55-6374
513,2.1194615,0.32638758,BD55-6379
514,3.1976237,6.731002,BD55-6382
515,3.9456928,3.027295,BD55-6383
516,0.9483525,11.649322,BD55-6385
517,-6.7532864,8.8188095,BD55-6386
518,-7.311623,7.163104,BD55-6387
519,13.373421,-4.3576603,BD55-6388
520,13.678013,16.073132,BD55-6389
521,13.087252,-4.204022,BD55-6390
522,8.635044,8.124193,BD55-6391
523,6.584654,3.6950758,BD55-6392
524,-6.879391,2.6411436,BD55-6393
525,7.705853,8.652087,BD55-6405
526,13.3281765,15.152087,BD55-6406
527,12.098682,14.242774,BD55-6408
528,3.6708276,3.0248415,BD55-6411
529,-3.490332,1.4985281,BD55-6413
530,8.214352,10.332086,BD55-6426
531,-2.932398,2.6668093,BD55-6431
532,9.592339,12.645245,BD55-6432
533,4.8745623,3.201031,BD55-6445
534,1.6516267,0.2735626,BD55-6447
535,6.9193964,4.2778454,BD55-6448
536,8.984812,11.893617,BD55-6454
537,-3.3929021,1.448255,BD55-6455
538,6.861095,4.813378,BD55-6456
539,3.61766,2.9171875,BD55-6459
540,8.204415,10.739402,BD55-6460
541,6.871758,4.24107,BD55-6461
542,3.2099202,1.0317276,BD55-6466
543,-7.1885223,7.4813094,BD55-6467
544,-3.2982006,3.1558733,BD55-6468
545,6.5926123,3.8085682,BD55-6477
546,3.6825788,2.8202617,BD55-6478
547,10.063149,9.038013,BD55-6480
548,8.148631,10.673456,BD55-6482
549,1.9274597,0.33184052,BD55-6486
550,-0.74431217,0.40588322,BD55-6492
551,13.407764,15.226935,BD55-6494
552,-3.3525367,1.4328619,BD55-6502
553,2.4205503,0.28250343,BD55-6507
554,3.2127044,0.9939384,BD55-6510
555,7.6734715,9.164464,BD55-6512
556,6.3252597,3.8632503,BD55-6514
557,-0.124235414,0.27985853,BD55-6520
558,-2.8796012,9.01329,BD55-6526
559,3.0594528,7.497847,BD55-6531
560,6.211425,3.8487265,BD55-6537
561,7.94761,9.751507,BD55-6543
562,6.8164806,4.0168867,BD55-6550
563,-2.35195,1.0458997,BD55-6552
564,2.224055,0.36792108,BD55-6564
565,8.206469,10.520722,BD55-6577
566,-6.57893,3.4808295,BD55-6579
567,8.176351,10.55651,BD55-6586
568,13.299337,15.227855,BD55-6597
569,13.190218,15.002534,BD55-6614
570,-1.3097949,9.167388,BD55-6619
571,2.7342925,0.10217469,BD55-6623
572,-3.599229,2.5379472,BD55-6626
573,-3.3275964,1.4182104,BD55-6638
574,6.828631,4.8775406,BD55-6641
575,3.2383213,0.9755479,BD55-6642
576,-2.941191,2.5850346,BD55-6644
577,5.371915,3.3166218,BD55-6647
578,10.186264,13.260975,BD55-6648
579,6.7416162,4.164659,BD55-6651
580,7.708533,9.395795,BD55-6654
581,-2.8645782,3.3673193,BD55-6667
582,11.041771,13.046306,BD55-6668
583,-7.0757093,4.1466465,BD55-6671
584,-3.0491748,2.6095421,BD55-6677
585,7.8926587,9.644542,BD55-6678
586,8.19261,10.537273,BD55-6682
587,12.315578,14.370433,BD55-6684
588,2.4059317,0.280225,BD55-6687
589,-3.2056756,2.6986384,BD55-6689
590,11.533018,13.897439,BD55-6691
591,2.1228724,0.30980372,BD55-6697
592,10.087859,13.202799,BD55-6709
593,-3.4231899,3.0901744,BD55-6714
594,13.4718,15.440425,BD55-6718
595,0.6123273,0.1725678,BD55-6727
596,3.7899523,2.4078667,BD55-682
597,10.16884,13.197547,BD55-711
598,-7.3554993,3.1126945,BD55-75
599,-3.8939478,7.868344,BD55-81
600,2.063237,10.997423,BD55-818
601,-1.1578008,9.255652,BD55-824
602,2.819665,7.1967587,BD55-829
603,-6.9063954,4.483425,BD55-833
604,-2.6341906,8.964703,BD55-837
605,-2.4959524,8.173755,BD55-847
606,0.3070626,12.315567,BD55-852
607,3.1180356,6.996505,BD55-853
608,3.9200969,2.989357,BD55-854
609,-6.8784585,4.5308456,BD55-856
610,3.2404997,7.3748546,BD55-859
611,0.79075176,11.807855,BD55-862
612,1.7709584,11.153995,BD55-864
613,0.114009134,10.136996,BD55-870
614,-3.004559,9.002909,BD55-871
615,-1.1335665,9.279024,BD55-878
616,-7.2774334,3.5876808,BD55-879
617,5.2821846,7.1540117,BD55-880
618,2.0373106,10.9775305,BD55-887
619,-4.236143,1.9881152,BD55-892
620,-1.1169928,9.293913,BD55-893
621,1.8036014,11.032508,BD55-899
622,-3.0937493,8.979396,BD55-903
623,-3.592314,2.82136,BD55-905
624,-2.9678082,9.017839,BD55-906
625,-4.2190895,7.539773,BD55-910
626,-2.951617,9.007875,BD55-913
627,0.9543169,11.640245,BD55-917
628,13.032066,14.881395,BD55-918
629,8.285051,10.4648285,BD55-925
630,-1.6665431,1.5358101,BD55-927
631,0.27271783,12.369861,BD55-93
632,0.08841511,10.117033,BD55-931
633,5.833179,3.7471263,BD55-934
634,5.516645,7.060772,BD55-935
635,13.552077,15.8889675,BD55-936
636,1.6119368,10.430413,BD55-939
637,-7.1434298,3.9712386,BD55-944
638,6.1248784,6.1893177,BD55-947
639,9.522358,12.563498,BD55-948
640,1.0581561,11.563956,BD55-958
641,-4.24448,8.054504,BD55-965
642,-1.2580404,9.200399,BD55-97
643,1.0488422,11.519957,BD55-970
644,0.5326738,10.838331,BD55-972
645,3.7236185,11.487397,BD55-977
646,10.548413,12.182243,BD55-979
647,-1.7061995,1.396812,BD55-987
648,1.8908548,11.122491,BD55-988
649,-3.6917605,1.6188803,BD56-003
650,10.859935,-3.7281964,BD56-005
651,4.2189503,3.782131,BD56-006
652,1.4672915,0.23322238,BD56-008
653,11.103554,12.478038,BD56-010
654,9.841554,12.78227,BD56-012
655,3.4524157,8.370269,BD56-014
656,10.040071,9.316215,BD56-015
657,6.938285,6.979096,BD56-016
658,2.7830284,0.056528088,BD56-020
659,-1.8479793,1.5529233,BD56-021
660,3.522627,8.014764,BD56-022
661,13.399437,15.406678,BD56-027
662,5.4460754,7.2601876,BD56-028
663,6.8943276,4.7630277,BD56-029
664,-0.7102795,0.40854397,BD56-030
665,3.3561268,7.9682727,BD56-031
666,4.2560687,12.0140505,BD56-032
667,9.048183,12.042361,BD56-039
668,8.498863,6.125463,BD56-040
669,7.8084025,8.772256,BD56-046
670,9.057605,-3.0553067,BD56-049
671,8.681969,7.5346017,BD56-054
672,13.174793,15.065418,BD56-055
673,-3.5874157,7.9116096,BD56-059
674,4.915703,11.969902,BD56-068
675,5.163864,5.394063,BD56-071
676,8.182013,10.709202,BD56-075
677,4.9979243,11.979919,BD56-076
678,3.4231615,8.353554,BD56-077
679,4.3355336,12.0424185,BD56-078
680,3.3518934,6.5216107,BD56-085
681,11.114635,11.918863,BD56-090
682,8.986572,11.874585,BD56-091
683,3.4627955,11.246098,BD56-092
684,4.2606916,12.008699,BD56-099
685,8.199182,10.471813,BD56-1064
686,1.8489628,11.063784,BD56-108
687,1.4091133,10.357603,BD56-112
688,11.186668,13.034649,BD56-114
689,5.028007,12.007749,BD56-115
690,8.85524,8.942199,BD56-118
691,-5.0725613,8.562079,BD56-1181
692,7.554355,8.477407,BD56-121
693,13.334914,15.463907,BD56-1219
694,1.6465765,10.450061,BD56-1223
695,7.482341,6.7260222,BD56-1228
696,10.120684,13.214919,BD56-123
697,-1.1205558,9.278059,BD56-1230
698,1.1437713,11.5068655,BD56-1231
699,12.186161,14.275368,BD56-1234
700,3.5479403,11.245642,BD56-1235
701,4.4069414,5.315717,BD56-124
702,-5.8409505,8.808364,BD56-1243
703,9.774024,9.003866,BD56-1245
704,11.591877,12.993659,BD56-1248
705,8.94168,8.900583,BD56-1249
706,13.344944,15.121114,BD56-125
707,-5.60355,8.776519,BD56-1250
708,3.370744,6.8392653,BD56-1251
709,5.1920495,5.4325886,BD56-1252
710,5.6776175,7.2054286,BD56-1254
711,4.9067307,5.273365,BD56-1256
712,-6.64766,4.700567,BD56-1257
713,4.0361834,7.8152776,BD56-1258
714,7.6298084,8.57904,BD56-1261
715,-6.727286,8.833931,BD56-1262
716,-7.2101307,8.168804,BD56-1265
717,13.36051,15.516211,BD56-1266
718,2.7926269,7.1303663,BD56-1268
719,13.122809,14.982055,BD56-1271
720,-2.381317,8.262621,BD56-1273
721,3.7633867,7.938372,BD56-1277
722,2.0643837,10.896992,BD56-1279
723,8.512951,8.096695,BD56-1281
724,3.552422,11.336192,BD56-1282
725,7.6697183,8.3095255,BD56-1284
726,9.732876,9.051414,BD56-1285
727,5.9224806,6.4103594,BD56-1286
728,9.661367,-3.3353677,BD56-1287
729,9.942256,7.667977,BD56-1290
730,7.687518,6.9175286,BD56-1295
731,13.133486,15.039112,BD56-1297
732,3.8882499,3.103781,BD56-1301
733,4.604925,7.460166,BD56-1303
734,6.703771,6.3407497,BD56-1305
735,12.645947,14.449932,BD56-1307
736,-6.6037397,2.6961985,BD56-1309
737,12.294054,14.3389435,BD56-1316
738,-5.70486,8.789496,BD56-1319
739,1.1666297,11.493278,BD56-132
740,9.016789,7.7075715,BD56-1322
741,9.766531,12.844539,BD56-1326
742,-1.2769305,9.189358,BD56-1327
743,5.225491,12.091948,BD56-1328
744,4.269731,2.9373436,BD56-133
745,10.6675825,12.096504,BD56-1333
746,11.845936,13.334288,BD56-136
747,12.239237,13.952687,BD56-137
748,6.0941515,3.8459098,BD56-1382
749,-1.6755931,1.4196843,BD56-1390
750,11.003582,-3.788607,BD56-1391
751,-4.337727,8.066503,BD56-1393
752,-6.2727876,8.660348,BD56-1403
753,7.6762867,8.908478,BD56-141
754,9.671274,8.995244,BD56-1410
755,13.362351,15.208417,BD56-1414
756,8.009011,9.072342,BD56-1416
757,0.31214154,10.237831,BD56-1417
758,3.4779294,7.788409,BD56-1420
759,11.563615,12.914985,BD56-1421
760,4.5860276,5.0827107,BD56-1422
761,-5.0196166,8.532101,BD56-1428
762,13.413712,15.525861,BD56-1431
763,1.1926948,11.474759,BD56-1433
764,10.846749,12.895703,BD56-1436
765,7.7221603,9.088452,BD56-1438
766,13.594722,-4.5115166,BD56-1439
767,13.522589,-4.450195,BD56-1446
768,8.820824,6.8431187,BD56-1447
769,0.43450883,10.508793,BD56-1448
770,8.041154,9.026056,BD56-145
771,5.8936186,6.5095954,BD56-1450
772,-4.1034317,7.813448,BD56-1451
773,3.982149,3.0292442,BD56-1452
774,8.414787,6.597602,BD56-1453
775,12.40785,14.341992,BD56-1456
776,8.540021,6.081441,BD56-1457
777,-6.6311774,3.4902477,BD56-1459
778,0.48990902,10.81116,BD56-1460
779,-4.999915,8.536792,BD56-1463
780,8.61915,10.890443,BD56-1464
781,4.535681,5.169104,BD56-1466
782,2.1053202,10.927866,BD56-1468
783,10.101664,-3.5100698,BD56-1469
784,10.090313,-3.516086,BD56-147
785,7.2582145,6.9719214,BD56-1470
786,10.163046,9.111021,BD56-1471
787,8.839027,6.8653164,BD56-1474
788,4.5339103,4.36854,BD56-1475
789,-2.443496,8.21995,BD56-1477
790,7.421336,6.957385,BD56-1479
791,-6.6869144,8.880393,BD56-1481
792,7.676163,9.138621,BD56-1482
793,9.034355,8.95753,BD56-1485
794,8.465441,8.077429,BD56-1486
795,7.304398,6.753625,BD56-1517
796,-6.7303357,4.8865037,BD56-1518
797,11.768566,13.237873,BD56-152
798,4.11358,2.9162364,BD56-1520
799,3.7343032,6.8782263,BD56-1521
800,10.125751,13.2751875,BD56-153
801,9.806024,12.603037,BD56-1537
802,3.3780746,6.8303294,BD56-1546
803,-7.355986,3.3396952,BD56-1552
804,-2.0316339,1.215907,BD56-1567
805,3.3700929,8.2657585,BD56-1573
806,-7.1226525,3.992755,BD56-1585
807,10.4767475,12.81018,BD56-1592
808,3.5916135,11.379026,BD56-1596
809,8.36533,8.033922,BD56-1598
810,13.662568,-4.571345,BD56-1609
811,4.4822264,5.0162387,BD56-1612
812,9.549467,8.216367,BD56-1616
813,-2.2687316,8.377346,BD56-1618
814,8.97472,7.8053694,BD56-1620
815,7.82092,8.696353,BD56-163
816,11.844938,-3.9843788,BD56-1631
817,13.485028,15.735763,BD56-1637
818,6.1833863,3.851165,BD56-1641
819,3.4160833,7.2317777,BD56-1648
820,4.9734664,11.9783945,BD56-1650
821,0.2816528,12.362812,BD56-1651
822,4.1337066,6.8531137,BD56-1652
823,11.132593,11.794249,BD56-1657
824,3.6287153,11.423164,BD56-1658
825,3.9133222,6.798216,BD56-1661
826,13.061136,-4.1968083,BD56-1662
827,2.159582,10.976266,BD56-1663
828,3.7187812,11.48593,BD56-1667
829,8.895273,8.716171,BD56-1668
830,8.855446,-2.9038239,BD56-1679
831,-7.2924156,3.6025138,BD56-1684
832,12.555405,14.420192,BD56-1687
833,10.387719,8.542239,BD56-1689
834,10.264421,12.672254,BD56-169
835,3.6047637,11.402374,BD56-1690
836,7.2264724,6.5808086,BD56-1691
837,9.705066,9.082246,BD56-1692
838,7.7413573,6.762854,BD56-1693
839,11.661234,13.638418,BD56-1694
840,9.697738,7.772091,BD56-1697
841,3.543323,11.164929,BD56-1699
842,7.808786,8.810567,BD56-170
843,6.9908123,6.3237553,BD56-1701
844,11.374097,12.950088,BD56-1709
845,8.438856,9.856071,BD56-1710
846,6.377014,6.833042,BD56-1711
847,3.1671276,6.84842,BD56-1712
848,7.6971164,6.8931284,BD56-1714
849,8.547349,6.083201,BD56-1716
850,11.969648,-4.0258875,BD56-1717
851,12.767812,14.582981,BD56-1719
852,5.2104797,12.087696,BD56-1721
853,8.303625,6.518186,BD56-1727
854,5.125004,12.045776,BD56-1729
855,8.550114,6.0838866,BD56-1730
856,8.583816,10.302204,BD56-1735
857,11.098993,12.039454,BD56-1737
858,1.0097334,11.584191,BD56-1739
859,8.498337,6.0309453,BD56-1740
860,10.376402,8.583468,BD56-1742
861,7.6358676,8.71237,BD56-1743
862,3.1941564,8.821663,BD56-1744
863,1.9681284,11.142497,BD56-1749
864,-6.6433473,8.762615,BD56-1754
865,5.2217965,3.7465189,BD56-1755
866,4.225996,11.958248,BD56-1756
867,-0.83227336,9.48633,BD56-1757
868,3.2055542,7.907855,BD56-1759
869,7.7143927,6.7848907,BD56-1760
870,13.533128,15.848332,BD56-1761
871,6.8580756,6.9932165,BD56-1762
872,3.4776778,8.270913,BD56-1764
873,3.909313,11.640433,BD56-1765
874,4.1823545,11.91997,BD56-1768
875,6.2741585,6.794608,BD56-1769
876,11.626621,14.011859,BD56-177
877,-4.4945364,7.458056,BD56-1770
878,13.585715,-4.506455,BD56-1775
879,13.561853,-4.4856424,BD56-1776
880,0.44285572,10.621563,BD56-1777
881,11.261207,12.665881,BD56-1779
882,-1.7246209,1.3149856,BD56-1780
883,7.8036165,6.959264,BD56-1781
884,4.518923,7.6667953,BD56-1782
885,1.5213511,10.514653,BD56-1784
886,9.715029,8.892131,BD56-1785
887,13.303205,-4.309397,BD56-1787
888,3.5633,11.358441,BD56-1789
889,5.579704,7.1976614,BD56-1790
890,1.514091,10.252856,BD56-1791
891,3.8271456,6.8203874,BD56-1793
892,8.1683035,6.5763803,BD56-1797
893,7.2546906,6.9869137,BD56-1798
894,5.75895,6.6940866,BD56-1800
895,-4.038813,7.9823713,BD56-1802
896,4.334495,5.1898594,BD56-1803
897,1.9304032,11.096288,BD56-1805
898,3.55212,11.348257,BD56-1808
899,-2.0142665,1.5798736,BD56-1809
900,7.42547,6.7026086,BD56-181
901,4.025537,6.875251,BD56-1811
902,9.564819,12.65951,BD56-1813
903,6.4686785,6.0456486,BD56-1814
904,12.402961,-4.065435,BD56-1815
905,5.0984516,12.022356,BD56-1817
906,6.745384,4.3318243,BD56-1818
907,4.4321103,11.983208,BD56-1819
908,-4.2190366,1.9881752,BD56-1820
909,5.8847837,6.220261,BD56-1821
910,2.744845,0.09105721,BD56-1823
911,8.977299,7.786639,BD56-1824
912,9.737484,7.329008,BD56-1825
913,6.7365613,6.9800916,BD56-1827
914,11.707039,13.125985,BD56-1828
915,9.92767,-3.409133,BD56-1829
916,11.130862,11.706183,BD56-1832
917,13.630222,-4.536904,BD56-1833
918,8.958934,8.782777,BD56-1834
919,9.897818,9.127645,BD56-1837
920,-6.737205,4.7232795,BD56-1838
921,3.480085,7.490802,BD56-1839
922,5.5632668,3.7725105,BD56-184
923,-2.7547832,9.007946,BD56-1840
924,7.41761,6.9765162,BD56-1842
925,1.8199756,11.121603,BD56-1843
926,13.311392,15.077352,BD56-1844
927,4.003838,3.523071,BD56-1847
928,-5.086591,8.570796,BD56-1850
929,4.497811,4.459521,BD56-1852
930,-3.5912323,7.9238596,BD56-1853
931,4.0280776,2.9747508,BD56-1856
932,9.80242,7.432517,BD56-1857
933,2.771549,7.11214,BD56-1859
934,-2.4536622,8.205035,BD56-1860
935,12.984752,-4.2011604,BD56-1861
936,3.265485,7.66172,BD56-1862
937,-2.0014482,1.203684,BD56-1863
938,5.8703575,6.631096,BD56-1866
939,-3.5704207,7.9232903,BD56-1869
940,8.764402,-2.8356872,BD56-187
941,13.478535,-4.4166613,BD56-1872
942,3.4181044,8.11186,BD56-1873
943,8.853028,11.257915,BD56-1876
944,3.9077358,3.1013906,BD56-1877
945,4.510047,7.6449785,BD56-1878
946,2.615246,7.004522,BD56-1879
947,-6.863048,4.540296,BD56-1880
948,0.42385858,10.533866,BD56-1881
949,-1.3757946,9.128716,BD56-1883
950,9.797866,7.37727,BD56-1885
951,3.3056133,6.3939953,BD56-1886
952,-1.525643,9.057559,BD56-1887
953,8.961935,-2.9937968,BD56-1889
954,1.244435,11.439641,BD56-1890
955,6.2063255,6.8986006,BD56-1891
956,1.6918094,10.904334,BD56-1892
957,9.113952,-3.0871034,BD56-1893
958,7.736245,6.704401,BD56-1894
959,-1.8497251,1.5708555,BD56-1895
960,12.69803,-4.119421,BD56-1896
961,10.262583,13.312164,BD56-1898
962,9.931719,9.149523,BD56-1899
963,-6.7739944,8.816362,BD56-1900
964,-5.043682,8.546651,BD56-1903
965,13.310169,-4.3074846,BD56-1904
966,3.2867386,8.005979,BD56-1905
967,-1.9996957,8.70173,BD56-1907
968,-1.8161085,1.5830629,BD56-1908
969,5.519658,6.8590755,BD56-1909
970,9.778104,7.3914585,BD56-1910
971,7.3916078,6.781131,BD56-1911
972,4.8824987,11.885467,BD56-1912
973,-4.2090945,7.616639,BD56-1915
974,-7.3648963,3.2546792,BD56-1916
975,-5.452981,8.668483,BD56-1921
976,7.7372193,6.7540345,BD56-1923
977,-1.9807783,1.4230444,BD56-1924
978,-6.8602767,4.5890303,BD56-1925
979,0.35701948,12.260876,BD56-1927
980,-2.2978873,8.991342,BD56-1928
981,10.741684,12.194856,BD56-1929
982,-4.13637,8.006744,BD56-1930
983,13.43416,15.2394705,BD56-1931
984,-1.3302491,9.1661,BD56-1934
985,11.359216,13.807931,BD56-1935
986,-7.2887735,3.603199,BD56-1937
987,-1.6191391,1.3483686,BD56-1944
988,-2.381961,8.254208,BD56-1945
989,-1.393419,9.128008,BD56-1949
990,11.859456,14.083089,BD56-204
991,7.704042,8.668929,BD56-205
992,9.071532,12.057245,BD56-210
993,11.30424,13.928856,BD56-211
994,6.8348436,4.463907,BD56-215
995,9.946481,13.088749,BD56-216
996,13.386823,15.17379,BD56-222
997,8.73377,11.216109,BD56-232
998,-7.334281,7.6256986,BD56-233
999,-3.6137085,1.5864289,BD56-234
1000,8.82975,11.2899,BD56-263
1001,9.3699465,-3.2582464,BD56-265
1002,-0.7694797,0.4268906,BD56-300
1003,9.878636,7.6879177,BD56-327
1004,7.603169,8.596536,BD56-395
1005,4.117416,3.8001993,BD56-400
1006,4.0365405,2.94521,BD56-408
1007,4.5584774,5.1923037,BD56-410
1008,8.866028,11.553817,BD56-411
1009,-6.8633847,4.56056,BD56-412
1010,-6.8340044,8.107235,BD56-413
1011,11.112759,-3.8346927,BD56-416
1012,11.866744,-3.9898689,BD56-418
1013,9.780497,7.4373145,BD56-419
1014,-4.0781984,7.277849,BD56-420
1015,-7.3174233,3.0293934,BD56-423
1016,10.811497,-3.7184966,BD56-424
1017,-2.0542347,1.1132458,BD56-425
1018,13.287242,-4.289506,BD56-426
1019,9.736131,8.94466,BD56-427
1020,13.148353,-4.232436,BD56-428
1021,8.891082,8.785074,BD56-430
1022,11.012201,-3.7941236,BD56-431
1023,3.457353,10.866459,BD56-432
1024,-1.8654764,8.824296,BD56-433
1025,11.105755,12.207013,BD56-436
1026,-2.4181058,8.23115,BD56-437
1027,13.217631,15.379202,BD56-438
1028,10.221854,13.216491,BD56-439
1029,12.215731,-4.039823,BD56-441
1030,4.378037,12.001945,BD56-443
1031,5.150614,12.055745,BD56-445
1032,13.448002,15.61832,BD56-446
1033,11.933146,-4.001063,BD56-447
1034,5.451373,7.2875214,BD56-454
1035,1.6269755,10.804563,BD56-456
1036,12.726893,-4.1333942,BD56-457
1037,9.653433,7.282591,BD56-458
1038,4.0503345,3.6638775,BD56-460
1039,0.45271417,10.652115,BD56-461
1040,4.898998,11.92451,BD56-464
1041,8.205341,10.532402,BD56-466
1042,8.617214,8.100481,BD56-467
1043,11.207426,12.322725,BD56-468
1044,11.092408,-3.8513803,BD56-470
1045,11.258625,-3.8528552,BD56-471
1046,12.670006,-4.1155014,BD56-472
1047,11.37591,-3.9081192,BD56-474
1048,0.023694834,10.064009,BD56-475
1049,7.146343,7.0072656,BD56-476
1050,2.6386762,6.951497,BD56-477
1051,12.957061,-4.159928,BD56-479
1052,3.366382,6.686772,BD56-480
1053,10.074296,-3.4918551,BD56-481
1054,12.917714,14.883792,BD56-482
1055,11.87241,-3.982484,BD56-483
1056,0.47561815,12.126867,BD56-486
1057,11.102484,-3.8265755,BD56-489
1058,10.559104,8.690322,BD56-490
1059,1.3007464,10.341006,BD56-491
1060,-5.6559877,8.803228,BD56-493
1061,6.581562,6.4936233,BD56-495
1062,11.133578,-3.840001,BD56-499
1063,6.3903675,6.819299,BD56-500
1064,5.1971903,12.084095,BD56-502
1065,3.3102028,7.219297,BD56-505
1066,9.985969,-3.466901,BD56-506
1067,4.3017044,12.0121,BD56-507
1068,13.517679,-4.4488316,BD56-508
1069,10.522949,8.674101,BD56-509
1070,12.240582,-4.0443373,BD56-510
1071,10.927143,12.087528,BD56-516
1072,13.401816,15.372407,BD56-518
1073,12.651286,-4.0923104,BD56-519
1074,9.584501,7.792727,BD56-520
1075,6.798248,6.424035,BD56-524
1076,9.75638,7.886008,BD56-525
1077,4.4964294,4.606857,BD56-531
1078,12.719047,-4.1201663,BD56-532
1079,8.9227295,8.783594,BD56-534
1080,10.324481,8.404138,BD56-535
1081,9.694078,7.4117775,BD56-537
1082,7.6730614,6.7284217,BD56-538
1083,12.34557,14.26383,BD56-539
1084,2.0171444,11.101261,BD56-541
1085,13.10054,14.99787,BD56-545
1086,4.2206826,11.942163,BD56-546
1087,7.6970625,8.4600725,BD56-552
1088,10.387377,8.495553,BD56-554
1089,11.222222,-3.8739965,BD56-556
1090,3.3806014,8.027326,BD56-558
1091,13.15359,-4.2461963,BD56-564
1092,10.352207,13.404768,BD56-565
1093,5.14706,7.2208586,BD56-566
1094,8.258353,10.560554,BD56-571
1095,13.441294,15.253112,BD56-574
1096,9.605268,12.698879,BD56-577
1097,-1.710431,1.5565256,BD56-579
1098,8.58555,7.5739512,BD56-581
1099,11.1948595,11.638258,BD56-585
1100,5.561891,7.2214065,BD56-587
1101,13.311063,-4.3083634,BD56-589
1102,5.946376,6.3941298,BD56-592
1103,13.511978,-4.4477115,BD56-593
1104,10.398489,8.547954,BD56-595
1105,9.976633,13.039855,BD56-596
1106,10.91011,12.130465,BD56-597
1107,4.294874,3.8265991,BD56-602
1108,2.0984173,0.36088634,BD56-603
1109,0.6280266,11.959686,BD56-605
1110,13.600899,-4.5216575,BD56-606
1111,3.8408923,11.57435,BD56-608
1112,8.515139,11.077006,BD56-612
1113,6.434133,6.0300136,BD56-615
1114,1.7844243,11.020918,BD56-618
1115,-6.598334,2.6290329,BD56-619
1116,13.174539,15.16462,BD56-621
1117,9.691045,7.928503,BD56-623
1118,11.046773,12.3619995,BD56-624
1119,13.613236,16.004795,BD56-626
1120,3.609638,6.947372,BD56-631
1121,11.138237,11.953616,BD56-632
1122,13.535851,15.925984,BD56-633
1123,9.22963,8.36028,BD56-634
1124,13.300679,15.149615,BD56-638
1125,10.82486,12.410728,BD56-640
1126,9.44591,12.506325,BD56-642
1127,5.111584,5.3662925,BD56-646
1128,9.754408,7.428133,BD56-647
1129,11.3993,13.068476,BD56-649
1130,10.346105,13.147757,BD56-654
1131,10.288762,-3.5760567,BD56-657
1132,10.11916,8.08264,BD56-660
1133,11.29042,13.925385,BD56-664
1134,3.5836797,11.378216,BD56-669
1135,4.432404,7.652453,BD56-671
1136,11.181598,11.647197,BD56-678
1137,8.343058,10.6645565,BD56-681
1138,8.536098,6.0910816,BD56-682
1139,13.477271,15.542413,BD56-683
1140,9.636412,12.692582,BD56-685
1141,11.359166,13.967735,BD56-702
1142,13.429075,15.171294,BD56-713
1143,6.884632,6.4047346,BD56-719
1144,5.12345,7.4316,BD56-729
1145,10.814745,12.810418,BD56-731
1146,5.2789907,5.4422407,BD56-739
1147,3.9667957,3.037215,BD56-887
1148,9.10673,7.791907,BD56-900
1149,6.937755,4.747987,BD56-902
1150,3.497335,11.304088,BD56-904
1151,0.44787028,10.273812,BD56-907
1152,0.5508371,11.018419,BD56-908
1153,8.954461,7.8323045,BD56-910
1154,12.407539,14.1327305,BD56-915
1155,11.388209,13.794967,BD56-916
1156,-6.822616,8.737083,BD56-917
1157,13.562278,-4.488448,BD56-920
1158,4.697323,7.3970513,BD56-926
1159,7.6729836,9.149282,BD56-935
1160,6.0083337,7.0373125,BD56-937
1161,0.17650563,12.4797,BD56-940
1162,13.497794,15.8756075,BD56-944
1163,4.5789537,7.4967566,BD56-949
1164,3.6157455,11.403838,BD56-951
1165,9.043044,11.530211,BD56-953
1166,13.586432,15.957823,BD56-955
1167,13.630428,16.009506,BD56-959
1168,3.411149,8.278105,BD56-960
1169,-6.6948414,3.802137,BD56-961
1170,8.673018,7.6495256,BD56-963
1171,13.185286,15.041019,BD56-964
1172,11.913988,-3.9983826,BD56-965
1173,-4.3141,2.0361953,BD56-969
1174,11.702365,13.319216,BD56-973
1175,5.0917163,12.025257,BD56-974
1176,12.374689,14.377075,BD56-976
1177,6.8251405,5.9559045,BD57-001
1178,4.4576216,4.95475,BD57-002
1179,-7.0503817,4.1474547,BD57-003
1180,9.294962,12.290068,BD57-004
1181,-6.631677,4.688327,BD57-005
1182,-6.5814314,3.3947668,BD57-006
1183,11.193069,13.8857,BD57-008
1184,13.187622,15.067542,BD57-009
1185,3.8104103,6.814039,BD57-010
1186,8.782127,11.359045,BD57-0109
1187,9.180139,-3.1423852,BD57-012
1188,11.413883,13.955093,BD57-0121
1189,-4.1808214,1.9548134,BD57-013
1190,7.5454607,8.57009,BD57-014
1191,8.114317,7.897966,BD57-015
1192,6.5899262,3.850096,BD57-016
1193,-2.2257364,1.7128011,BD57-017
1194,-7.0758133,3.0220504,BD57-018
1195,0.34953037,12.2488785,BD57-020
1196,8.7034445,-2.7767792,BD57-022
1197,9.840055,12.882531,BD57-0221
1198,9.945845,7.897404,BD57-023
1199,6.8791003,4.7351885,BD57-0233
1200,4.4532466,4.414069,BD57-024
1201,-3.0274892,8.013265,BD57-025
1202,6.4872484,6.078319,BD57-028
1203,-7.29627,7.1551905,BD57-0287
1204,-7.1534805,7.713508,BD57-029
1205,8.5070915,8.045388,BD57-030
1206,8.931924,-2.9736433,BD57-031
1207,-1.5896921,1.3168095,BD57-0323
1208,3.4740555,8.152378,BD57-035
1209,12.678266,14.497649,BD57-0368
1210,4.352703,4.4540625,BD57-037
1211,13.242165,-4.2684684,BD57-038
1212,7.87824,6.6208167,BD57-039
1213,1.7331645,10.504256,BD57-0411
1214,3.4123383,7.1692104,BD57-042
1215,-2.0550337,1.6610959,BD57-043
1216,5.022756,5.311703,BD57-045
1217,1.4779354,10.389102,BD57-046
1218,-4.0475492,7.1679063,BD57-047
1219,9.862934,-3.4061804,BD57-049
1220,1.7100568,10.453402,BD57-051
1221,8.590046,8.143039,BD57-052
1222,3.4187305,8.432639,BD57-054
1223,5.837837,6.534391,BD57-058
1224,5.9459715,7.1075444,BD57-059
1225,0.40974817,10.471628,BD57-060
1226,8.904884,7.7423515,BD57-061
1227,13.318864,-4.3169055,BD57-062
1228,3.2250082,7.062594,BD57-065
1229,2.0801225,11.03535,BD57-067
1230,11.169874,11.65506,BD57-068
1231,3.555354,11.342958,BD57-069
1232,4.3317704,12.0333605,BD57-070
1233,6.7729087,4.1098423,BD57-072
1234,8.39984,7.5643764,BD57-073
1235,0.16350505,12.493674,BD57-077
1236,2.7150357,6.8809595,BD57-078
1237,12.618424,-4.109428,BD57-079
1238,9.531399,8.976296,BD57-080
1239,9.796472,7.504378,BD57-082
1240,4.3416734,12.006149,BD57-085
1241,9.772978,12.700778,BD57-087
1242,1.8551924,11.10688,BD57-089
1243,11.621821,12.917307,BD57-098
1244,9.930341,9.098343,BD57-099
1245,-4.087036,7.1713157,BD58-0448
1246,-3.0243766,9.003848,BD58-0573
1247,0.1943922,12.457013,BD58-0577
1248,0.98630935,11.555683,BD58-0580
1249,9.816967,7.4444475,BD58-0588
1250,11.685155,13.604942,BD58-0589
1251,-6.6574326,3.6663194,BG1-24
1252,-7.2943273,7.5543985,BG10-19
1253,4.456094,4.493097,BG4-25
1254,-6.992629,8.480059,BG7-20
1255,-4.004225,7.940605,C002
1256,3.8236597,6.8664436,C034
1257,-5.836176,8.892652,C058
1258,3.1198726,6.79532,C083
1259,13.666781,16.063154,C085
1260,12.576727,14.310041,C089
1261,5.7770143,6.6978784,C091
1262,-2.8694708,2.1576355,C093
1263,-6.9732366,2.6119034,C102
1264,-7.213524,2.9259531,C105
1265,1.1390051,11.496231,C110
1266,5.322024,5.6134267,C119
1267,-3.4122038,7.959516,C121
1268,-5.110084,8.59315,C144
1269,-6.856365,4.618405,C1A-B12
1270,-7.363819,3.243794,C1A-B3
1271,-6.663652,2.5672927,C1A-C2
1272,-7.3294983,3.0827274,C1A-F10
1273,12.193715,14.202271,C213
1274,-6.6768184,3.689017,C516
1275,9.656268,12.601216,C547
1276,5.1760077,7.1193757,C556
1277,7.9572306,8.005126,C578
1278,-6.6831417,8.86976,C591
1279,4.406738,3.7694056,C594
1280,11.859883,-3.9819207,C597
1281,-7.2615128,3.584918,CC12.1
1282,-6.930157,2.6171598,CC12.3
1283,-6.6878657,8.882446,CM32
1284,0.0880058,0.22851047,COV2-2015
1285,6.946379,4.367528,COV2-2037
1286,4.6990056,7.478874,COV2-2064
1287,9.679881,-3.3407307,COV2-2072
1288,3.8850734,3.1848378,COV2-2098
1289,7.634947,6.3906674,COV2-2103
1290,4.4893064,4.515268,COV2-2113
1291,8.3426895,6.4467797,COV2-2268
1292,11.657631,13.705095,COV2-2308
1293,7.7456665,7.760143,COV2-2353
1294,10.941938,-3.766003,COV2-2381
1295,6.081958,7.0035367,COV2-2389
1296,9.118789,8.016926,COV2-2391
1297,2.86258,6.981269,COV2-2413
1298,-2.351464,8.291276,COV2-2479
1299,9.920264,9.118531,COV2-2485
1300,-2.9172544,3.3355296,COV2-2499
1301,-7.182715,8.1697445,COV2-2504
1302,-2.9688764,1.3284156,COV2-2514
1303,4.41719,7.5420504,COV2-2539
1304,-6.621313,2.5998492,COV2-2589
1305,11.07043,11.88802,COV2-2628
1306,9.718779,12.80436,COV2-2677
1307,-4.0536046,1.9302175,COV2-2678
1308,11.199753,-3.8714552,COV2-2684
1309,3.425333,7.085294,COV2-2693
1310,8.238619,6.5510573,COV2-2760
1311,0.9343465,11.5697975,COV2-2780
1312,-6.8990526,2.5126147,COV2-2807
1313,7.7776494,6.8428106,COV2-2819
1314,11.2271385,11.77199,COV2-2841
1315,-7.0113783,2.5020413,COV2-2919
1316,11.757738,-3.9633403,COV2-2941
1317,0.1574043,12.499293,COV2-2955
1318,10.879057,-3.7427025,COV2-3025
1319,-7.2991805,3.5452664,COVA2-04
1320,-7.277198,7.16911,COVA2-39
1321,12.571252,14.41417,COVOX-150
1322,13.517508,-4.442372,COVOX-253H165L
1323,13.513239,-4.4390144,COVOX-253H55L
1324,-7.2703857,7.65391,COVOX-269
1325,-7.2917147,7.2413206,COVOX-316
1326,-5.740851,8.866086,COVOX-384
1327,-3.0650518,8.985339,COVOX-40
1328,4.419597,7.3925943,COVOX-75
1329,-6.6169395,2.6250868,COVOX-88
1330,8.841208,-2.8980362,CV-X2-106
1331,-5.9581776,8.790259,CV05-163
1332,-5.8155107,8.909723,CV07-200
1333,9.403041,-3.2397358,CV07-209
1334,-6.9722795,8.60808,CV07-222
1335,8.772582,-2.8400948,CV07-250
1336,-7.3238106,7.579929,CV07-255
1337,-7.3023615,7.688687,CV07-262
1338,0.08348398,10.108762,CV07-270
1339,-5.7713203,8.876748,CV07-283
1340,9.317158,-3.2203271,CV07-287
1341,-1.7884319,8.864801,CV07-315
1342,6.832295,4.0627484,CV2-75
1343,-3.4875681,1.5008761,CV30
1344,-3.355336,1.477024,CV38-142
1345,-7.1541286,8.340475,DH1041
1346,-3.690084,7.935933,DH1042
1347,-6.6555796,8.906846,DH1043
1348,4.6136084,7.476769,DH1044
1349,12.52785,14.367276,DH1045
1350,6.5134306,4.0436735,DH1046
1351,-2.6521666,8.057621,DH1047
1352,4.040574,6.8762565,DH1063
1353,5.2052917,3.791206,DH1064
1354,5.110165,3.255831,DH1073
1355,-1.8416415,8.842792,DH1082
1356,-1.6204753,9.016479,DH1111
1357,4.116206,3.75914,DH1126
1358,-7.123357,8.362061,DH1128
1359,-5.028518,8.554266,DH1129
1360,-7.074745,8.442937,DH1130
1361,-4.029945,1.9030565,DH1140
1362,-4.1474733,7.4446764,DH1143
1363,3.9921722,6.707344,DH1151
1364,-6.548456,3.3854685,DH1154
1365,8.70657,-2.7763562,DH1155
1366,-5.6460805,8.80614,DH1159-2
1367,8.6289835,8.727754,DH1160
1368,8.092123,8.13115,DH1161-1
1369,4.443167,4.9028234,DH1161-2
1370,-7.2859244,7.227859,DH1173
1371,-6.5965858,2.6272345,DH1179
1372,-6.7707677,4.811545,DH1180
1373,-2.855918,8.989442,DH1183
1374,-5.159922,8.606559,DH1184
1375,-4.176436,7.972353,DH1186
1376,-3.5453079,7.908283,DH1196
1377,-3.420888,2.7175374,DH1210
1378,-7.1468945,8.325589,DH1214
1379,-1.5144755,9.060111,DXP-593
1380,-3.0152,9.012965,Ehling_mAb-64
1381,3.8800468,11.612316,Ehling_mAb-82
1382,-5.7168627,8.865533,H4
1383,-7.273873,2.9811654,LY-CoV016
1384,-1.7773588,1.3448784,LY-CoV481
1385,-7.017763,2.825555,LY-CoV488
1386,-2.151105,8.505327,LY-CoV555
1387,-7.1649513,3.9951065,P2B-1A10
1388,0.25957537,12.384548,P2B-2F6
1389,-7.2961454,7.092358,P2C-1A3
1390,-6.562489,2.635246,P4A1
1391,-7.055604,4.202609,P5A-2G9
1392,-6.6008525,2.6853094,P5A-3A1
1393,8.145584,8.845336,S2A4
1394,9.896357,-3.4293838,S2E12
1395,-7.3006825,7.6467752,S2H13
1396,-2.3634384,8.962272,S2H14
1397,-5.579774,8.761885,S2M11
1398,5.388551,3.3004146,S2X259
1399,8.334641,10.059231,S2X35
1400,13.394788,15.194462,S304
1401,3.1587107,7.890729,TAU-2189
1402,1.2374018,11.457694,TAU-2220
1403,3.9633307,7.723484,TAU-2230
1404,6.0175805,3.7910674,TAU-2310
1405,-3.5264635,1.5397797,WIBP-2B11
1406,-6.9840117,2.6705997,XG-017
1407,10.524564,12.176653,XG2v-006
1408,5.615298,3.6571603,XG2v-032
1409,-2.0942826,1.3624053,XG2v-039
1410,-1.2089945,9.237129,XG2v-045
1411,5.880173,6.608591,XG2v-052
1412,5.925232,6.4653335,XG2v-070
1413,1.5102394,10.413832,XG2v-083
1414,9.19953,-3.130027,XG2v-095
1415,-3.6009583,1.5923544,XG2v-098
1416,6.851452,4.937249,XG2v-126
1417,-7.3002315,7.26712,XGv-003
1418,0.21309878,12.440928,XGv-010
1419,4.528891,5.16122,XGv-011
1420,7.836049,9.667931,XGv-013
1421,10.045507,8.046204,XGv-016
1422,11.2212515,11.616469,XGv-017
1423,-3.4695342,1.5608603,XGv-032
1424,-6.8033357,4.9042697,XGv-040
1425,5.698989,7.191632,XGv-047
1426,9.934872,-3.442883,XGv-050
1427,7.916943,7.8904037,XGv-051
1428,-3.1078708,2.638626,XGv-052
1429,6.108034,3.815011,XGv-053
1430,-3.427446,3.0545206,XGv-055
1431,9.314562,12.331194,XGv-056
1432,-0.71169215,0.3979389,XGv-057
1433,8.483155,6.651023,XGv-074
1434,-3.5902462,7.925667,XGv-094
1435,-6.739987,4.8451343,XGv-097
1436,0.13047403,0.19266394,XGv-105
1437,10.4247265,8.541756,XGv-107
1438,-6.8371096,4.5753345,XGv-116
1439,-3.6467443,7.9164567,XGv-152
1440,-7.1936827,8.218372,XGv-155
1441,6.296982,3.9033656,XGv-159
1442,0.40220067,12.178767,XGv-172
1443,7.336011,6.82439,XGv-174
1444,7.2599573,6.9879575,XGv-175
1445,5.8319645,3.7422476,XGv-177
1446,2.8468854,7.3193064,XGv-191
1447,2.0832806,11.02365,XGv-198
1448,6.1854787,6.9501204,XGv-199
1449,9.012458,12.059704,XGv-208
1450,3.726373,8.276524,XGv-212
1451,-7.2524343,7.285142,XGv-225
1452,6.8899107,6.1332645,XGv-227
1453,-6.6317544,8.953625,XGv-232
1454,11.286104,12.612794,XGv-233
1455,8.4777,11.084964,XGv-236
1456,9.320507,8.763378,XGv-250
1457,3.3326375,8.633482,XGv-251
1458,9.6426935,7.8053565,XGv-253
1459,-4.0376034,1.8948274,XGv-261
1460,5.0847607,7.239415,XGv-263
1461,9.826825,7.6668253,XGv-264
1462,9.911619,7.7162547,XGv-265
1463,6.288773,6.0234623,XGv-266
1464,0.21742117,12.4354,XGv-271
1465,9.224292,-3.1653814,XGv-279
1466,8.345283,6.6031947,XGv-282
1467,5.6514196,7.229205,XGv-284
1468,7.995445,6.4655204,XGv-285
1469,7.803431,6.4652367,XGv-286
1470,4.457081,4.9458866,XGv-287
1471,5.260666,5.564832,XGv-288
1472,9.464272,7.2495975,XGv-289
1473,8.623844,6.7270164,XGv-290
1474,7.6947613,6.468638,XGv-291
1475,8.365751,6.603709,XGv-292
1476,7.5130124,6.3821797,XGv-293
1477,5.0906396,5.4663253,XGv-294
1478,10.051894,8.090785,XGv-295
1479,8.627389,6.7287574,XGv-296
1480,10.402581,8.56247,XGv-297
1481,7.9019384,9.595703,XGv-300
1482,3.1527295,6.823046,XGv-324
1483,-3.6990376,7.911615,XGv-337
1484,3.54952,8.278876,XGv-343
1485,5.932899,6.473221,XGv-345
1486,5.156489,12.063453,XGv-346
1487,13.572988,-4.493793,XGv-347
1488,-3.1436644,1.3676997,XGv-360
1489,-7.383928,3.2062032,XGv-387
1490,4.1305037,3.8698006,XGv-404
1491,13.528307,15.851166,XGv-405
1492,8.944903,-2.9794598,XGv-409
1493,4.463017,4.586443,XGv-412
1494,-2.7069108,1.5904269,XGv-416
1495,7.4391484,6.7673235,XGv-420
1496,-3.429959,2.9879794,XGv-421
