,UMAP Dimension 1,UMAP Dimension 2,antibody
0,12.243302,5.373436,1-57
1,-2.9049819,14.280012,2-15
2,-5.9357553,13.469137,7D6
3,-1.3657752,4.551476,ADG-2
4,-2.5801942,13.887926,B38
5,-0.19296303,5.7264543,BD-196
6,12.560807,12.848988,BD-218
7,-4.4575195,10.683866,BD-236
8,-5.4342337,12.134166,BD-254
9,12.469201,8.026253,BD-255
10,3.9438226,6.6540093,BD-319
11,-5.9133615,13.451318,BD-362
12,-5.51865,12.481248,BD-368
13,10.659504,16.04529,BD-369
14,12.616327,12.928382,BD-380
15,12.67367,13.170603,BD-395
16,-1.5874624,12.343288,BD-397
17,-3.0197358,14.403557,BD-403
18,-4.3067718,8.538538,BD-417
19,12.788926,10.653239,BD-418
20,5.655493,8.273952,BD-421
21,-2.9114225,5.485563,BD-449
22,10.1302595,4.839828,BD-467
23,3.3196323,5.8970747,BD-494
24,4.209479,5.3958387,BD-498
25,8.136911,6.1380115,BD-500
26,12.949182,13.775279,BD-503
27,-1.7400699,13.280552,BD-504
28,12.551246,5.529262,BD-507
29,10.778673,16.050873,BD-515
30,-0.89701617,12.41534,BD-536
31,6.127623,-1.0148942,BD-566
32,-4.370402,10.143161,BD-598
33,13.285998,14.222126,BD-599
34,2.0748754,5.7290654,BD-605
35,11.255538,7.2177463,BD-612
36,10.941623,15.858781,BD-613
37,1.5491873,5.597214,BD-614
38,11.758001,15.650487,BD-616
39,-4.4556313,8.778709,BD-618
40,-4.3864655,9.165571,BD-619
41,6.945689,-2.1910584,BD-623
42,12.681011,14.738169,BD-628
43,-3.1514072,14.513301,BD-629
44,-4.9752197,10.986758,BD-643
45,9.084836,4.740169,BD-667
46,0.057067215,12.444945,BD-670
47,14.716402,13.130083,BD-692
48,-4.529597,9.121277,BD-693
49,-4.441815,8.65195,BD-694
50,10.856063,7.9164085,BD-713
51,1.3658603,5.572456,BD-715
52,12.70033,15.389032,BD-725
53,-4.5444703,9.484003,BD-732
54,-2.8203874,5.441327,BD-739
55,13.546741,11.05934,BD-744
56,-3.1506615,14.523794,BD-751
57,8.559155,5.671477,BD-758
58,-5.0870547,11.415325,BD-767
59,5.046867,0.97639287,BD-771
60,-5.607393,12.709362,BD-790
61,-2.6589503,12.996425,BD-791
62,10.130827,16.209564,BD-796
63,12.383267,8.2433815,BD-804
64,6.2576404,-1.1942072,BD-805
65,6.5161085,-1.5649844,BD-807
66,12.856318,5.8946815,BD-812
67,-4.7874975,10.027319,BD-813
68,11.234667,4.5863495,BD-817
69,11.361633,4.7039013,BD-821
70,-4.7341957,10.120457,BD-822
71,8.922984,4.948962,BD-824
72,2.7135923,5.837749,BD-826
73,12.564035,14.739391,BD-827
74,8.432103,-3.3751874,BD-833
75,-5.6576033,12.756863,BD-835
76,6.5541825,-1.6175687,BD-836
77,8.401711,-3.3508444,BD-837
78,13.27044,13.699206,BD-846
79,6.470388,6.7229595,BD-864
80,-2.6827204,13.943535,BD-870
81,-5.904094,13.410644,BD-897
82,7.5536523,-2.9196296,BD-898
83,-1.4955224,4.4023595,BD-899
84,-2.703289,13.1868515,BD-900
85,13.756776,10.722997,BD-901
86,13.701395,10.222866,BD-904
87,-5.482417,12.341514,BD-906
88,11.224843,4.4433885,BD-907
89,11.699127,7.3464594,BD-912
90,12.278156,8.425038,BD-914
91,12.776801,9.477184,BD-915
92,14.650365,13.280543,BD-916
93,8.215812,6.140298,BD-918
94,6.941735,-2.1909714,BD-922
95,13.347502,10.669133,BD-923
96,12.491224,9.353732,BD55-1004
97,4.494096,8.167151,BD55-1009
98,0.99523026,12.486632,BD55-1035
99,12.973002,5.9661083,BD55-1036
100,8.949152,5.057635,BD55-1039
101,-0.6296332,12.417136,BD55-1049
102,-2.4758024,12.636598,BD55-1051
103,-5.6794825,12.8648615,BD55-1065
104,1.0373341,12.4841,BD55-1066
105,12.466241,15.561591,BD55-1073
106,12.048423,15.857115,BD55-1075
107,-1.8656104,12.269952,BD55-1078
108,12.971219,5.962547,BD55-1084
109,-3.4486377,1.1557252,BD55-1091
110,-4.525897,9.448768,BD55-1092
111,2.1626518,5.5782413,BD55-1096
112,12.91589,5.936117,BD55-1104
113,12.494962,5.4262547,BD55-1109
114,12.043729,9.190438,BD55-1114
115,-0.30265927,5.656358,BD55-1132
116,3.9778206,5.6836333,BD55-1136
117,-4.3530135,10.167683,BD55-1171
118,8.677312,7.1486726,BD55-1177
119,6.312813,-1.2602311,BD55-1180
120,5.82843,9.954304,BD55-1192
121,12.713369,9.419615,BD55-1208
122,-5.354363,11.985525,BD55-1223
123,3.2825112,5.94783,BD55-1225
124,1.1914873,5.5176864,BD55-1232
125,10.616706,6.867003,BD55-1233
126,3.1023626,5.5778594,BD55-1237
127,2.8135095,5.3033876,BD55-1239
128,-2.8323753,5.5363555,BD55-1245
129,-4.5182195,9.120097,BD55-1249
130,14.693928,13.195799,BD55-1251
131,-5.9484916,13.504242,BD55-1256
132,6.700868,-1.8497596,BD55-1263
133,9.732502,16.207222,BD55-1268
134,1.0235567,12.4852295,BD55-1270
135,13.731189,14.625469,BD55-1273
136,0.1281147,5.4984374,BD55-1274
137,12.469722,9.214393,BD55-1284
138,10.38988,4.4249516,BD55-1294
139,13.869576,10.7668,BD55-1312
140,3.3304658,5.1569667,BD55-1323
141,6.178754,-1.0896562,BD55-1334
142,14.058625,10.21358,BD55-1338
143,10.265407,4.492235,BD55-1339
144,-4.42176,0.4618222,BD55-1343
145,0.3540008,12.461378,BD55-1345
146,14.001017,9.930427,BD55-1346
147,11.630605,16.125849,BD55-1354
148,-4.624806,9.86883,BD55-1374
149,13.591303,11.001354,BD55-1381
150,9.71242,8.203547,BD55-1403
151,3.3964043,5.52412,BD55-1411
152,12.380169,8.786101,BD55-1416
153,9.687316,-3.634365,BD55-1421
154,8.967339,5.058408,BD55-1432
155,0.17117652,12.438288,BD55-1435
156,10.349574,7.161044,BD55-1442
157,-1.990475,5.478677,BD55-1450
158,2.6734943,5.5188637,BD55-1456
159,12.832705,13.627065,BD55-1486
160,-1.7168603,13.224592,BD55-1502
161,12.620221,12.917482,BD55-1503
162,3.3904996,5.0824265,BD55-1507
163,5.092111,0.8976232,BD55-1508
164,4.339013,8.316035,BD55-1558
165,10.820331,7.078821,BD55-1575
166,-5.1367216,11.470731,BD55-1576
167,-3.044596,14.441239,BD55-1579
168,14.709665,13.120791,BD55-1604
169,-2.1764886,12.087605,BD55-1694
170,13.320218,10.52448,BD55-1706
171,4.0990157,5.2550735,BD55-1723
172,9.591324,16.122744,BD55-1763
173,9.281613,7.172773,BD55-1779
174,-4.204796,8.950941,BD55-1789
175,-5.2462077,11.780903,BD55-1809
176,5.919554,10.187506,BD55-1957
177,5.313701,10.221888,BD55-1962
178,0.5138185,5.491488,BD55-1970
179,1.2146982,5.5249,BD55-199
180,9.254014,5.189987,BD55-2532
181,13.543506,9.642694,BD55-2696
182,-4.460244,10.02944,BD55-300
183,13.141306,10.493585,BD55-302
184,12.497132,15.067656,BD55-311
185,3.5807502,5.1467967,BD55-3149
186,12.639042,9.467032,BD55-3150
187,10.709894,4.5419593,BD55-3152
188,2.802759,5.3091993,BD55-3304
189,12.0759325,7.2364125,BD55-3337
190,14.667163,12.726259,BD55-3414
191,11.348293,16.137678,BD55-3417
192,9.517047,5.1307597,BD55-3433
193,8.789954,5.4844494,BD55-3440
194,-2.8749652,5.58768,BD55-3451
195,-2.105143,5.4930563,BD55-3457
196,13.159544,10.71729,BD55-347
197,8.068601,5.931891,BD55-3485
198,-2.987382,-0.17611022,BD55-3500
199,12.76393,9.460287,BD55-3546
200,-2.827447,5.574196,BD55-3716
201,13.423569,14.397025,BD55-3721
202,14.634296,13.248107,BD55-3773
203,13.0815735,14.404186,BD55-3832
204,12.679562,10.558576,BD55-387
205,-2.8504148,5.557654,BD55-4281
206,-2.1361208,5.491317,BD55-4285
207,-2.2693396,5.498144,BD55-4325
208,-2.8699207,5.5196495,BD55-4344
209,3.3777626,5.2358227,BD55-4345
210,-2.1622846,5.4434156,BD55-4348
211,-2.6891887,13.164554,BD55-4351
212,4.5094323,9.955734,BD55-4382
213,4.4350724,8.36629,BD55-4397
214,11.199972,4.423006,BD55-44
215,14.502581,11.947295,BD55-4418
216,10.856453,8.799728,BD55-4467
217,2.5794454,5.372313,BD55-4483
218,9.808822,4.955676,BD55-4495
219,10.757714,6.910345,BD55-4662
220,9.698866,4.844561,BD55-4664
221,12.650109,15.644862,BD55-4804
222,-1.5161674,5.3231034,BD55-4892
223,13.055018,9.746101,BD55-5001
224,-2.7523866,5.4492126,BD55-5163
225,-3.1561563,1.2814437,BD55-5164
226,-1.4151464,4.5889354,BD55-5166
227,-3.178565,0.63540995,BD55-5167
228,8.579739,7.314886,BD55-5170
229,14.252247,13.913931,BD55-5175
230,5.0234666,8.258437,BD55-5176
231,11.025305,7.2929506,BD55-5182
232,9.041638,-3.5771437,BD55-5183
233,-1.4631068,4.6057253,BD55-5189
234,-2.1192596,5.501538,BD55-5195
235,9.496676,8.093679,BD55-5196
236,-1.8845357,5.511913,BD55-5198
237,2.4909089,5.7844734,BD55-5200
238,8.735587,7.433272,BD55-5201
239,4.1011047,5.2239847,BD55-5212
240,11.348154,8.516324,BD55-5219
241,-3.1934001,0.61927485,BD55-5223
242,14.614311,12.99561,BD55-5226
243,3.5697088,5.7933927,BD55-5228
244,9.070058,7.617576,BD55-5233
245,14.680791,11.184901,BD55-5236
246,-1.4648243,4.5580993,BD55-5238
247,-3.0763602,1.6799768,BD55-5239
248,-3.031512,-0.13295592,BD55-5242
249,-4.3480735,0.38956153,BD55-5245
250,14.0231285,9.989718,BD55-5248
251,12.554728,14.832077,BD55-5251
252,9.938579,8.363105,BD55-5256
253,14.873717,11.393328,BD55-5259
254,3.3514802,5.265861,BD55-5264
255,-3.179351,0.82798785,BD55-5265
256,-3.2118537,0.6110698,BD55-5267
257,-3.32866,1.2607368,BD55-5276
258,9.541315,8.039736,BD55-5286
259,9.345145,7.980491,BD55-5296
260,-3.915733,0.51986855,BD55-5301
261,9.83885,5.2326045,BD55-5303
262,9.07379,7.6265745,BD55-5304
263,-4.231553,0.57644516,BD55-5305
264,8.527181,5.6443753,BD55-5319
265,2.4487357,5.4646926,BD55-5323
266,11.4206915,8.857754,BD55-5325
267,-3.165056,1.2981933,BD55-5327
268,-2.8278623,5.5695457,BD55-5333
269,2.449914,5.854321,BD55-5339
270,-2.064763,5.463703,BD55-5342
271,8.592617,7.332949,BD55-5343
272,11.491484,8.990105,BD55-5354
273,9.651928,8.148657,BD55-5358
274,3.987011,5.120419,BD55-5380
275,10.315793,4.591536,BD55-5382
276,-3.2089944,0.4743475,BD55-5384
277,1.8544115,5.643401,BD55-5386
278,-0.88749605,5.397507,BD55-5396
279,4.047839,5.152095,BD55-5397
280,13.062274,9.72807,BD55-5399
281,9.597438,16.15055,BD55-5402
282,10.759328,8.849004,BD55-5404
283,13.979586,9.952676,BD55-5408
284,14.461379,12.206123,BD55-5413
285,11.14758,8.937623,BD55-5415
286,-2.8136184,5.5238314,BD55-5416
287,-4.4077497,0.48682475,BD55-5427
288,10.474511,8.623309,BD55-5431
289,-1.3691231,4.560453,BD55-5432
290,9.857687,16.244514,BD55-5435
291,-4.8342376,10.386843,BD55-5448
292,8.132007,5.8948855,BD55-5449
293,14.853328,11.360959,BD55-5459
294,9.610693,16.14775,BD55-5462
295,-4.280917,9.093941,BD55-5466
296,14.397675,13.689739,BD55-5467
297,-1.2168694,4.8642697,BD55-5468
298,14.390159,13.616606,BD55-547
299,9.270624,5.1789145,BD55-5473
300,-3.2054567,0.60769993,BD55-5474
301,1.0144736,5.488557,BD55-5477
302,8.097526,6.128375,BD55-5484
303,14.335238,11.2484455,BD55-5486
304,2.6995714,5.457516,BD55-5501
305,-2.8161552,5.566009,BD55-5512
306,-3.0016437,-0.16007446,BD55-5516
307,12.765707,11.2270565,BD55-5517
308,2.2719545,5.4815965,BD55-5521
309,10.689001,8.738459,BD55-5526
310,2.9605682,5.3011804,BD55-5537
311,10.764468,8.8300085,BD55-5540
312,-2.054825,5.5320272,BD55-5542
313,-2.107451,5.542831,BD55-5543
314,10.160977,4.780701,BD55-5549
315,14.00692,10.9283285,BD55-5557
316,8.282,-3.2756612,BD55-556
317,-1.4111074,4.7596316,BD55-5564
318,14.826449,11.346462,BD55-5565
319,9.549576,16.110086,BD55-5566
320,9.419544,7.912687,BD55-5580
321,6.2866583,7.2105994,BD55-5583
322,8.010203,5.922429,BD55-5585
323,9.47519,8.02452,BD55-5588
324,9.378322,5.193941,BD55-5591
325,-2.7570877,5.4157825,BD55-5593
326,-3.1955328,0.5472376,BD55-5594
327,-4.822376,10.224241,BD55-5598
328,4.3462553,8.313511,BD55-5599
329,2.4119773,5.7974987,BD55-5612
330,3.9495382,5.11006,BD55-5615
331,-3.2266471,0.37578288,BD55-5620
332,11.7581625,15.591346,BD55-5625
333,13.626311,14.709272,BD55-5629
334,-4.8617578,10.484211,BD55-5631
335,-5.83759,13.3459,BD55-5634
336,-3.2226377,0.2863327,BD55-5638
337,-3.001638,-0.17010647,BD55-5640
338,3.612479,5.7966914,BD55-5643
339,2.2936337,5.7375956,BD55-5644
340,13.287892,9.76594,BD55-5649
341,5.122736,0.8465929,BD55-5655
342,-5.005879,11.104065,BD55-5659
343,2.4954443,5.4825287,BD55-5662
344,-4.1812506,0.47736514,BD55-5675
345,-1.5390893,4.937176,BD55-5676
346,-4.8288674,10.411823,BD55-5689
347,-3.3933249,1.261484,BD55-5690
348,-2.136433,12.142978,BD55-5693
349,14.11521,14.088423,BD55-5694
350,9.606718,5.1072516,BD55-5697
351,-3.7457817,0.46060994,BD55-5699
352,-4.4165273,0.3603068,BD55-5700
353,2.3649094,5.396125,BD55-5713
354,2.6415133,5.4046497,BD55-5715
355,14.567206,11.1046715,BD55-5718
356,5.2009406,8.343907,BD55-5721
357,-2.8202205,5.4511275,BD55-5728
358,10.523908,16.384514,BD55-5731
359,10.50616,8.62134,BD55-5733
360,-3.9906332,0.6708458,BD55-5736
361,-3.1508696,1.4133521,BD55-5737
362,10.894569,8.867769,BD55-5743
363,13.07278,9.751209,BD55-5745
364,-2.697373,13.128923,BD55-5747
365,14.514365,11.808443,BD55-5748
366,13.976795,9.970273,BD55-5752
367,3.2528946,5.338115,BD55-5761
368,9.057941,7.6191707,BD55-5771
369,6.8710337,-2.0993786,BD55-5774
370,2.4564533,5.855908,BD55-5775
371,9.337175,5.2235384,BD55-5779
372,-2.8837438,5.492229,BD55-5785
373,11.827749,16.11154,BD55-5790
374,10.60625,8.722435,BD55-5792
375,2.1228025,5.7263727,BD55-5811
376,12.524166,15.499634,BD55-5815
377,-0.5284997,5.5303216,BD55-5831
378,6.2167563,10.54928,BD55-5836
379,-2.4466507,12.607289,BD55-5854
380,-1.7545152,13.289526,BD55-5856
381,13.855777,10.076945,BD55-5865
382,9.901949,-3.2600098,BD55-5866
383,1.3608469,5.5044503,BD55-5874
384,-4.4498067,0.502148,BD55-5878
385,13.111615,13.335537,BD55-5880
386,4.931116,1.1195576,BD55-5882
387,6.9142976,-2.1545386,BD55-5887
388,13.470693,14.933743,BD55-5892
389,14.570777,12.049379,BD55-5895
390,-4.3995914,10.11361,BD55-5897
391,14.329773,13.699469,BD55-5898
392,-2.7129385,14.007055,BD55-5901
393,-4.9750204,11.013525,BD55-5903
394,4.584219,9.99032,BD55-5904
395,8.93065,7.5189967,BD55-5906
396,-5.9628983,13.507685,BD55-5908
397,5.2012453,10.247116,BD55-5909
398,6.4957347,-1.5382763,BD55-5912
399,5.0682764,0.9256386,BD55-5917
400,-5.6394506,12.837323,BD55-5918
401,3.9428418,5.1115313,BD55-5919
402,0.9595033,12.482995,BD55-5920
403,1.0509984,12.487467,BD55-5921
404,12.908224,14.360998,BD55-5923
405,-2.4982145,12.664524,BD55-5925
406,11.348552,8.475851,BD55-5927
407,12.792452,15.37076,BD55-593
408,0.73665637,12.486108,BD55-5930
409,-1.9970549,5.38209,BD55-5933
410,2.5458398,5.418062,BD55-5935
411,4.6727757,9.758904,BD55-5939
412,-1.2206545,4.8218894,BD55-5940
413,4.3971467,10.208451,BD55-5941
414,9.748231,8.222271,BD55-5942
415,-0.94569486,12.421724,BD55-5943
416,-1.921752,5.3526254,BD55-5945
417,10.302186,7.4170456,BD55-5946
418,-2.9806492,14.360829,BD55-5948
419,-4.4454875,10.608646,BD55-5950
420,4.90735,1.1462582,BD55-5955
421,5.067773,0.93108994,BD55-5957
422,-3.2191954,0.94158167,BD55-5959
423,5.072428,10.110438,BD55-5962
424,0.6908349,5.485299,BD55-5966
425,0.86938053,12.485409,BD55-5967
426,-4.3845606,8.612216,BD55-5974
427,-4.8057613,10.369643,BD55-600
428,9.446476,8.0569725,BD55-6012
429,14.516251,11.931614,BD55-6013
430,-4.430886,0.39729577,BD55-6014
431,-3.1488988,1.4973083,BD55-6015
432,-3.1623223,1.529401,BD55-6019
433,-4.0207667,0.67151254,BD55-6025
434,12.849319,15.465457,BD55-603
435,11.985851,15.962243,BD55-6030
436,-4.0840425,0.4852823,BD55-6033
437,12.715823,15.5781765,BD55-6038
438,14.5403595,12.190456,BD55-6039
439,13.921378,9.867673,BD55-6040
440,14.783127,11.498539,BD55-6044
441,11.783457,16.12841,BD55-6050
442,-1.4105347,4.604632,BD55-6051
443,5.6720057,9.633781,BD55-606
444,12.819338,15.512733,BD55-6060
445,-3.3551621,1.284123,BD55-6063
446,-2.9933379,-0.17600659,BD55-6064
447,3.7448976,5.08183,BD55-6066
448,-3.179033,1.4705738,BD55-6068
449,-3.2139971,0.25381306,BD55-6069
450,12.000561,15.904691,BD55-6074
451,12.99854,14.408175,BD55-6075
452,-4.3656526,0.35883245,BD55-6080
453,8.71529,7.3980165,BD55-6083
454,-1.4339519,4.4854894,BD55-6086
455,-3.4305172,1.1423166,BD55-6087
456,-3.2274818,1.4103851,BD55-6088
457,10.202439,8.502298,BD55-6090
458,9.4962,8.117413,BD55-6092
459,-1.9874887,13.495463,BD55-6096
460,-2.8075607,5.416161,BD55-6099
461,-4.4133053,0.43361154,BD55-6105
462,-3.894835,0.7591474,BD55-6106
463,1.2665241,5.485946,BD55-6112
464,13.629677,9.6426735,BD55-6130
465,14.69653,11.168187,BD55-6158
466,6.835574,11.224134,BD55-616
467,14.724966,11.412717,BD55-6190
468,10.082921,8.450966,BD55-6195
469,-4.408326,0.3529233,BD55-6197
470,9.874551,8.310788,BD55-6203
471,9.402239,7.9582424,BD55-6206
472,13.65074,9.664223,BD55-6208
473,12.608264,15.655858,BD55-6223
474,-3.2335064,0.35425344,BD55-6231
475,3.6848605,5.1163454,BD55-6236
476,-4.2831125,10.68079,BD55-6241
477,-3.0541883,1.6995887,BD55-6243
478,11.346488,9.0211735,BD55-6247
479,-1.6097405,5.289878,BD55-6251
480,11.221117,8.909573,BD55-6261
481,-3.1945424,0.577011,BD55-6262
482,2.9468281,5.282625,BD55-6263
483,-3.0561664,-0.067347124,BD55-6268
484,3.9459739,5.090503,BD55-6272
485,14.6059065,12.064921,BD55-6276
486,12.917822,13.5969,BD55-6279
487,11.407355,8.9414,BD55-6281
488,-4.3890214,0.39122924,BD55-6283
489,14.220144,13.766134,BD55-6284
490,14.575786,12.03223,BD55-6286
491,14.454591,13.4347725,BD55-6291
492,-4.4183035,0.4587185,BD55-6297
493,14.6463585,12.964665,BD55-6301
494,-3.0791864,1.6682117,BD55-6305
495,-3.2127817,1.4230653,BD55-6306
496,14.486261,11.786697,BD55-6307
497,-3.1548307,1.3815562,BD55-6308
498,14.041136,10.029016,BD55-6314
499,14.812681,11.702739,BD55-6329
500,8.642681,7.335484,BD55-6335
501,12.778711,15.5776,BD55-6336
502,-3.0606236,1.6943378,BD55-6339
503,-1.4308897,4.569801,BD55-6340
504,14.727261,13.19216,BD55-6342
505,-1.4361134,4.6528435,BD55-6347
506,11.452062,16.105331,BD55-6355
507,11.4021015,9.01697,BD55-6361
508,12.690294,9.40867,BD55-6369
509,14.070995,10.022758,BD55-6370
510,13.91298,13.861801,BD55-6372
511,-1.7453957,5.2452755,BD55-6373
512,13.301195,14.2537365,BD55-6374
513,-4.126669,0.5095257,BD55-6379
514,3.9345431,6.6054893,BD55-6382
515,4.950898,1.0967503,BD55-6383
516,4.4121614,10.193949,BD55-6385
517,-5.9080606,13.380034,BD55-6386
518,-5.0733385,11.4090185,BD55-6387
519,11.5271225,7.234182,BD55-6388
520,9.611556,16.060654,BD55-6389
521,9.7534485,-3.686265,BD55-6390
522,12.360291,8.462822,BD55-6391
523,10.545257,8.652469,BD55-6392
524,-4.524077,8.884944,BD55-6393
525,12.8882065,9.578116,BD55-6405
526,10.583978,16.216288,BD55-6406
527,12.091202,15.913885,BD55-6408
528,8.679314,7.3699746,BD55-6411
529,3.6793914,5.1114464,BD55-6413
530,14.51967,10.907894,BD55-6426
531,-2.0197802,5.4198017,BD55-6431
532,14.216302,13.850604,BD55-6432
533,7.999252,6.043157,BD55-6445
534,-4.0945764,0.63885975,BD55-6447
535,11.445181,8.86625,BD55-6448
536,14.682406,12.827973,BD55-6454
537,-1.2076093,4.852025,BD55-6455
538,11.345599,8.407589,BD55-6456
539,8.605913,7.3248873,BD55-6459
540,14.839797,11.5398245,BD55-6460
541,12.145798,9.256449,BD55-6461
542,-4.4114437,0.45460913,BD55-6466
543,-5.1416216,11.460383,BD55-6467
544,-2.0071335,5.444774,BD55-6468
545,10.613467,8.674469,BD55-6477
546,8.629132,7.371125,BD55-6478
547,12.798882,10.9011,BD55-6480
548,14.804606,11.422926,BD55-6482
549,-4.300871,0.5840029,BD55-6486
550,-3.1441214,1.5937293,BD55-6492
551,10.430702,16.365541,BD55-6494
552,-1.24086,4.8165336,BD55-6502
553,-4.319979,0.41279113,BD55-6507
554,-4.421803,0.37642595,BD55-6510
555,13.62989,9.653585,BD55-6512
556,10.715788,8.80648,BD55-6514
557,2.6186745,5.44337,BD55-6520
558,-1.8042412,13.345526,BD55-6526
559,5.137619,7.1450024,BD55-6531
560,10.669603,8.8156805,BD55-6537
561,13.980909,9.992082,BD55-6543
562,11.319665,8.971099,BD55-6550
563,-1.401791,4.522742,BD55-6552
564,-4.173833,0.48853374,BD55-6564
565,14.7459545,11.196076,BD55-6577
566,-0.6319692,5.4398847,BD55-6579
567,14.761719,11.243059,BD55-6586
568,10.547122,16.128479,BD55-6597
569,10.75304,16.242397,BD55-6614
570,-0.92529166,12.418432,BD55-6619
571,-2.9615104,-0.21178387,BD55-6623
572,-2.0755296,5.4991593,BD55-6626
573,-1.2289579,4.786521,BD55-6638
574,11.185326,7.4647017,BD55-6641
575,-4.374946,0.3964473,BD55-6642
576,1.1059449,5.4814463,BD55-6644
577,9.529192,8.1366205,BD55-6647
578,13.700128,14.633363,BD55-6648
579,11.397095,8.983079,BD55-6651
580,13.894442,9.880915,BD55-6654
581,-2.826563,5.575895,BD55-6667
582,12.8148,14.606284,BD55-6668
583,-4.9188633,10.74851,BD55-6671
584,0.9205272,5.4721656,BD55-6677
585,14.016178,9.952546,BD55-6678
586,14.70338,11.175283,BD55-6682
587,11.720872,16.083988,BD55-6684
588,-4.2787766,0.45078385,BD55-6687
589,0.9448049,5.4817357,BD55-6689
590,12.532783,15.523701,BD55-6691
591,-4.0796742,0.5192065,BD55-6697
592,13.767993,14.581849,BD55-6709
593,-2.850119,5.471426,BD55-6714
594,10.29337,16.364498,BD55-6718
595,-3.6535475,1.0339875,BD55-6727
596,8.702318,7.3665805,BD55-682
597,13.809588,14.491313,BD55-711
598,-4.489694,8.805066,BD55-75
599,-4.277216,10.543908,BD55-81
600,5.2768135,9.886916,BD55-818
601,4.448246,8.298961,BD55-824
602,4.0712523,6.824595,BD55-829
603,-4.9196167,10.800221,BD55-833
604,-1.6621935,13.04179,BD55-837
605,-0.16017345,5.7679334,BD55-847
606,4.641161,9.5785475,BD55-852
607,4.0271378,6.7063212,BD55-853
608,3.8295116,5.5008054,BD55-854
609,-4.9473395,10.863346,BD55-856
610,6.246124,7.2685857,BD55-859
611,4.3457055,10.253578,BD55-862
612,4.91951,10.180065,BD55-864
613,-0.33340526,12.423788,BD55-870
614,-1.9376881,13.460581,BD55-871
615,4.440619,8.299747,BD55-878
616,-4.580441,10.11678,BD55-879
617,10.208352,6.804616,BD55-880
618,5.2930503,9.824815,BD55-887
619,-0.5053255,5.4458876,BD55-892
620,4.4940276,8.2913685,BD55-893
621,5.127618,10.027005,BD55-899
622,-2.036292,13.503801,BD55-903
623,-2.7741683,5.43897,BD55-905
624,-1.9892837,13.474206,BD55-906
625,-4.3717804,10.605869,BD55-910
626,-1.8437939,13.374327,BD55-913
627,4.4433446,10.176131,BD55-917
628,10.947551,16.077663,BD55-918
629,14.629437,11.142849,BD55-925
630,4.12346,5.383336,BD55-927
631,0.8416254,12.489003,BD55-93
632,-0.3735304,12.421952,BD55-931
633,10.04013,8.3587,BD55-934
634,9.021867,4.7880406,BD55-935
635,9.852053,16.28572,BD55-936
636,5.1431785,8.740448,BD55-939
637,-4.8822255,10.636034,BD55-944
638,9.609497,5.4463835,BD55-947
639,14.318608,13.678556,BD55-948
640,4.54264,10.055777,BD55-958
641,-2.7418609,13.2222805,BD55-965
642,-0.8674045,12.417486,BD55-97
643,4.879348,9.294994,BD55-970
644,4.936163,8.75832,BD55-972
645,6.315563,10.654848,BD55-977
646,13.157122,13.445013,BD55-979
647,4.083564,5.466749,BD55-987
648,5.195792,10.178643,BD55-988
649,1.1665877,5.530366,BD56-003
650,7.4063306,-2.7739954,BD56-005
651,9.121778,7.660522,BD56-006
652,-3.2062,0.42680207,BD56-008
653,12.74231,14.079147,BD56-010
654,14.06731,13.996734,BD56-012
655,5.9963865,7.6342936,BD56-014
656,12.828389,11.224587,BD56-015
657,9.747935,4.535514,BD56-016
658,-2.979923,-0.18297921,BD56-020
659,3.4622073,5.919543,BD56-021
660,5.915463,7.563264,BD56-022
661,10.262457,16.221128,BD56-027
662,10.460255,6.9741983,BD56-028
663,11.38266,8.509283,BD56-029
664,3.406407,5.308562,BD56-030
665,5.6776023,7.494188,BD56-031
666,6.799109,11.18884,BD56-032
667,14.689073,13.11739,BD56-039
668,11.202644,4.4603767,BD56-040
669,12.9876175,9.649203,BD56-046
670,6.3991966,-1.3932011,BD56-049
671,12.036558,7.5974727,BD56-054
672,10.800863,16.018078,BD56-055
673,-2.5489252,12.744187,BD56-059
674,7.6047,11.866042,BD56-068
675,8.216331,5.80504,BD56-071
676,14.802629,11.496756,BD56-075
677,7.6426344,11.888709,BD56-076
678,5.9506483,7.717037,BD56-077
679,6.8353667,11.226973,BD56-078
680,5.3676505,6.4349523,BD56-085
681,12.705302,13.260224,BD56-090
682,14.69313,12.693095,BD56-091
683,5.8384943,9.857634,BD56-092
684,6.788064,11.178108,BD56-099
685,14.719368,11.102269,BD56-1064
686,5.1890326,10.182761,BD56-108
687,4.995459,8.714284,BD56-112
688,12.7056,14.6177435,BD56-114
689,7.6472836,11.915392,BD56-115
690,13.3004875,10.379549,BD56-118
691,-2.6809864,13.985356,BD56-1181
692,12.6772585,9.451891,BD56-121
693,10.65059,16.029947,BD56-1219
694,5.3784037,8.493934,BD56-1223
695,10.282409,4.610066,BD56-1228
696,13.761597,14.581253,BD56-123
697,4.4985723,8.292468,BD56-1230
698,4.5326047,10.124092,BD56-1231
699,11.892765,16.039867,BD56-1234
700,5.7022433,9.6286,BD56-1235
701,9.057059,6.9860106,BD56-124
702,-3.0803707,14.462985,BD56-1243
703,12.803681,10.743266,BD56-1245
704,12.371792,14.615993,BD56-1248
705,13.445613,10.836664,BD56-1249
706,10.53886,16.378664,BD56-125
707,-2.9960241,14.335672,BD56-1250
708,5.46777,6.62042,BD56-1251
709,8.370439,5.7414365,BD56-1252
710,9.315531,4.5946674,BD56-1254
711,7.9018135,5.9560766,BD56-1256
712,-0.14624238,5.5153475,BD56-1257
713,6.307951,7.2132845,BD56-1258
714,12.779229,9.479376,BD56-1261
715,-5.896971,13.35258,BD56-1262
716,-5.527582,12.488071,BD56-1265
717,10.418086,16.116825,BD56-1266
718,5.4607506,6.8578486,BD56-1268
719,10.694641,16.193018,BD56-1271
720,-2.1695268,12.118158,BD56-1273
721,6.1042085,7.462721,BD56-1277
722,5.416143,9.29162,BD56-1279
723,12.30149,8.548627,BD56-1281
724,5.799527,10.222211,BD56-1282
725,12.475199,9.324653,BD56-1284
726,12.958718,10.839406,BD56-1285
727,8.92994,4.93157,BD56-1286
728,6.673879,-1.8227001,BD56-1287
729,12.545232,5.5333004,BD56-1290
730,10.454854,4.5058813,BD56-1295
731,10.688181,16.145882,BD56-1297
732,4.9385934,1.1122912,BD56-1301
733,6.5840836,6.840044,BD56-1303
734,9.656392,4.963509,BD56-1305
735,11.480093,16.042053,BD56-1307
736,-4.4259467,9.1677475,BD56-1309
737,11.832859,16.037292,BD56-1316
738,-3.0667188,14.447979,BD56-1319
739,4.3843713,10.225297,BD56-132
740,12.300325,7.8589406,BD56-1322
741,14.091895,14.1128025,BD56-1326
742,-0.9436244,12.418116,BD56-1327
743,7.8567486,12.098731,BD56-1328
744,5.0541873,0.96517044,BD56-133
745,13.069252,13.322413,BD56-1333
746,12.184959,15.024741,BD56-136
747,11.764485,15.613213,BD56-137
748,10.631902,8.813374,BD56-1382
749,2.182923,5.7749877,BD56-1390
750,7.5416007,-2.9106205,BD56-1391
751,-2.7411406,13.348567,BD56-1393
752,-4.28012,10.26985,BD56-1403
753,13.2400465,9.538863,BD56-141
754,12.9734955,10.698253,BD56-1410
755,10.608718,16.225742,BD56-1414
756,13.374689,9.927552,BD56-1416
757,4.725285,8.535518,BD56-1417
758,5.8303275,7.393423,BD56-1420
759,12.408657,14.521473,BD56-1421
760,8.191712,5.888105,BD56-1422
761,-2.645671,13.929059,BD56-1428
762,10.287176,16.191753,BD56-1431
763,4.761867,9.832264,BD56-1433
764,13.029947,14.349182,BD56-1436
765,13.494364,9.657445,BD56-1438
766,10.080602,-3.6416929,BD56-1439
767,10.081039,-3.6330142,BD56-1446
768,12.326996,5.4314027,BD56-1447
769,4.753333,8.667939,BD56-1448
770,13.205503,9.835296,BD56-145
771,8.927883,4.920139,BD56-1450
772,-2.726331,13.177564,BD56-1451
773,4.9063478,1.1482874,BD56-1452
774,11.891711,5.1698723,BD56-1453
775,11.587474,16.089096,BD56-1456
776,11.1959095,4.390239,BD56-1457
777,-0.2187131,5.4579635,BD56-1459
778,0.18893966,12.450486,BD56-1460
779,-2.6016169,13.878692,BD56-1463
780,14.525056,11.499815,BD56-1464
781,7.7354407,6.0067225,BD56-1466
782,5.3964534,9.541201,BD56-1468
783,6.925991,-2.168751,BD56-1469
784,6.9022827,-2.1391366,BD56-147
785,10.148218,4.461272,BD56-1470
786,12.788367,11.116004,BD56-1471
787,12.343911,5.496092,BD56-1474
788,8.94014,7.2098317,BD56-1475
789,-2.1560652,12.15526,BD56-1477
790,10.301048,4.4627595,BD56-1479
791,-5.9057717,13.392851,BD56-1481
792,13.598001,9.632281,BD56-1482
793,13.236488,10.453206,BD56-1485
794,12.28429,8.562816,BD56-1486
795,11.279152,6.8093076,BD56-1517
796,-4.9546013,11.025444,BD56-1518
797,12.216596,14.929509,BD56-152
798,5.017771,1.0169841,BD56-1520
799,5.7651405,6.670813,BD56-1521
800,13.7560625,14.581454,BD56-153
801,14.0255575,13.818678,BD56-1537
802,5.5422688,6.641767,BD56-1546
803,-4.507052,9.216002,BD56-1552
804,3.8821042,5.0860496,BD56-1567
805,5.726746,7.8537264,BD56-1573
806,-4.542867,10.193905,BD56-1585
807,13.286466,14.226204,BD56-1592
808,5.8096237,10.1554165,BD56-1596
809,12.243715,8.497831,BD56-1598
810,10.028844,-3.796688,BD56-1609
811,7.8542824,5.960264,BD56-1612
812,12.767446,5.8072624,BD56-1616
813,-1.7886407,12.261485,BD56-1618
814,12.411142,8.106719,BD56-1620
815,12.895432,9.58489,BD56-163
816,8.35927,-3.338487,BD56-1631
817,9.892772,16.21948,BD56-1637
818,10.665349,8.809238,BD56-1641
819,5.62477,6.914768,BD56-1648
820,7.6901736,11.9363165,BD56-1650
821,0.76778036,12.483712,BD56-1651
822,6.3251886,6.665267,BD56-1652
823,12.721317,13.113007,BD56-1657
824,6.216046,10.549221,BD56-1658
825,6.0507984,6.614702,BD56-1661
826,9.686541,-3.6786518,BD56-1662
827,5.7593355,9.771772,BD56-1663
828,6.31731,10.655232,BD56-1667
829,13.436095,10.833079,BD56-1668
830,6.2502394,-1.1893339,BD56-1679
831,-4.4968867,9.745123,BD56-1684
832,11.451817,16.071154,BD56-1687
833,12.919717,5.9410815,BD56-1689
834,13.533217,13.9399605,BD56-169
835,6.0709167,10.363467,BD56-1690
836,11.379867,7.2619767,BD56-1691
837,12.950337,10.904729,BD56-1692
838,11.566504,7.227415,BD56-1693
839,12.420857,15.290662,BD56-1694
840,12.444783,8.035176,BD56-1697
841,10.210239,7.401551,BD56-1699
842,12.9848585,9.636076,BD56-170
843,11.296723,7.2159886,BD56-1701
844,12.528111,14.525707,BD56-1709
845,13.743257,10.373293,BD56-1710
846,11.314823,7.385629,BD56-1711
847,5.4705896,6.6381044,BD56-1712
848,10.51062,4.4997,BD56-1714
849,11.2328825,4.4264345,BD56-1716
850,8.3165045,-3.2963603,BD56-1717
851,11.224262,16.191357,BD56-1719
852,7.8730516,12.110585,BD56-1721
853,11.360627,4.7024612,BD56-1727
854,7.739707,11.989486,BD56-1729
855,11.225984,4.5199127,BD56-1730
856,14.223373,11.104045,BD56-1735
857,12.7824135,13.3693075,BD56-1737
858,4.5886803,10.009538,BD56-1739
859,11.221668,4.5116544,BD56-1740
860,12.8960705,5.918913,BD56-1742
861,12.989614,9.527473,BD56-1743
862,5.555645,8.288614,BD56-1744
863,5.2265754,10.182749,BD56-1749
864,-5.823658,13.266923,BD56-1754
865,9.491299,7.9933825,BD56-1755
866,6.7977805,11.185849,BD56-1756
867,4.573904,8.268123,BD56-1757
868,5.3265176,7.5430365,BD56-1759
869,10.496131,4.5405936,BD56-1760
870,9.846626,16.180632,BD56-1761
871,10.000499,4.4687915,BD56-1762
872,5.9627914,7.634153,BD56-1764
873,6.395483,10.74285,BD56-1765
874,6.7606378,11.144848,BD56-1768
875,9.47786,4.681592,BD56-1769
876,12.463001,15.75273,BD56-177
877,-0.097983696,5.5231557,BD56-1770
878,10.087678,-3.692768,BD56-1775
879,9.902216,-3.3111234,BD56-1776
880,0.047670644,12.440986,BD56-1777
881,12.531854,14.307794,BD56-1779
882,2.1521492,5.771029,BD56-1780
883,11.563288,7.1977844,BD56-1781
884,10.524602,7.1079087,BD56-1782
885,4.9914007,8.788883,BD56-1784
886,12.873546,10.622687,BD56-1785
887,9.808677,-3.6911395,BD56-1787
888,5.8244786,10.290864,BD56-1789
889,9.150728,4.6816726,BD56-1790
890,5.2343736,8.402599,BD56-1791
891,5.969242,6.6067624,BD56-1793
892,11.310034,4.730089,BD56-1797
893,10.116931,4.449408,BD56-1798
894,11.056488,7.7125015,BD56-1800
895,-2.6546257,13.097152,BD56-1802
896,5.5438924,6.3442397,BD56-1803
897,5.2229238,10.201515,BD56-1805
898,5.996537,10.311626,BD56-1808
899,3.5045214,5.902033,BD56-1809
900,10.1940155,4.664408,BD56-181
901,6.0482664,6.612596,BD56-1811
902,14.187581,13.959911,BD56-1813
903,9.588841,5.1131325,BD56-1814
904,8.690041,-3.4567857,BD56-1815
905,7.7197285,11.981762,BD56-1817
906,11.412174,8.711752,BD56-1818
907,7.441593,11.731205,BD56-1819
908,-0.7382059,5.451884,BD56-1820
909,9.57854,5.5262284,BD56-1821
910,-3.005354,-0.15919468,BD56-1823
911,12.416922,8.087137,BD56-1824
912,12.4524765,5.4189262,BD56-1825
913,9.7498865,4.509421,BD56-1827
914,12.238206,14.838532,BD56-1828
915,6.847284,-2.0707345,BD56-1829
916,12.669569,12.989989,BD56-1832
917,10.11701,-3.6106908,BD56-1833
918,13.551195,11.043256,BD56-1834
919,12.838781,10.970981,BD56-1837
920,-4.938313,10.90234,BD56-1838
921,5.689616,7.2278366,BD56-1839
922,9.526127,7.872323,BD56-184
923,-1.7113981,13.185508,BD56-1840
924,11.389748,5.0297112,BD56-1842
925,5.1103787,10.2571335,BD56-1843
926,10.654305,16.394955,BD56-1844
927,4.0601854,5.6613536,BD56-1847
928,-2.6950047,14.006463,BD56-1850
929,8.187455,6.136522,BD56-1852
930,-2.5686793,12.792838,BD56-1853
931,4.961616,1.0804914,BD56-1856
932,12.472647,5.4485946,BD56-1857
933,4.0396066,6.7273226,BD56-1859
934,-2.2369528,12.055085,BD56-1860
935,9.88974,-3.551161,BD56-1861
936,5.4707346,7.2705636,BD56-1862
937,3.0613666,5.8670735,BD56-1863
938,8.895141,4.860458,BD56-1866
939,-2.5436158,12.727655,BD56-1869
940,6.223037,-1.1446326,BD56-187
941,10.041015,-3.6409535,BD56-1872
942,5.8382597,7.563947,BD56-1873
943,14.460902,11.955987,BD56-1876
944,4.928668,1.12376,BD56-1877
945,6.529227,6.9085693,BD56-1878
946,3.9109657,6.64773,BD56-1879
947,-4.3388247,10.297886,BD56-1880
948,-0.015240087,12.437423,BD56-1881
949,-1.0014242,12.421939,BD56-1883
950,12.476826,5.4553266,BD56-1885
951,5.260311,6.3802047,BD56-1886
952,-1.1345628,12.416464,BD56-1887
953,6.2893043,-1.2372433,BD56-1889
954,4.503798,10.145275,BD56-1890
955,9.497185,4.6427984,BD56-1891
956,5.1295714,9.191975,BD56-1892
957,6.4538903,-1.472273,BD56-1893
958,11.275371,4.6796985,BD56-1894
959,3.71862,5.797146,BD56-1895
960,9.197043,-3.6532516,BD56-1896
961,13.686528,14.65118,BD56-1898
962,12.836886,11.016894,BD56-1899
963,-5.879097,13.323889,BD56-1900
964,-2.6631145,13.957677,BD56-1903
965,9.911649,-3.6611319,BD56-1904
966,5.789667,7.439132,BD56-1905
967,-1.5499561,12.365889,BD56-1907
968,3.591616,5.918715,BD56-1908
969,9.075992,4.942782,BD56-1909
970,12.492512,5.4622674,BD56-1910
971,10.042211,4.570365,BD56-1911
972,7.6820774,11.889534,BD56-1912
973,0.08412881,5.5324163,BD56-1915
974,-4.5277424,9.293485,BD56-1916
975,-3.0208886,14.39608,BD56-1921
976,10.25927,4.5621343,BD56-1923
977,2.0657592,5.6996613,BD56-1924
978,-4.368104,10.316175,BD56-1925
979,4.4146605,10.171125,BD56-1927
980,-1.4730995,12.669444,BD56-1928
981,13.0113125,13.495811,BD56-1929
982,-2.6578703,13.19463,BD56-1930
983,10.403578,16.330671,BD56-1931
984,4.342217,8.292633,BD56-1934
985,12.676564,15.428368,BD56-1935
986,-4.502291,9.280347,BD56-1937
987,2.2050161,5.7247324,BD56-1944
988,-1.8703144,12.2353945,BD56-1945
989,4.354247,8.300727,BD56-1949
990,12.379027,15.704717,BD56-204
991,12.837333,9.557486,BD56-205
992,14.678276,13.203565,BD56-210
993,12.939081,15.449329,BD56-211
994,11.426316,8.5623,BD56-215
995,13.86341,14.42746,BD56-216
996,10.460624,16.370747,BD56-222
997,14.604385,11.998683,BD56-232
998,-5.380483,12.014452,BD56-233
999,-1.1088082,4.8335366,BD56-234
1000,14.537487,12.08653,BD56-263
1001,6.728477,-1.8393204,BD56-265
1002,-3.0584373,1.7063937,BD56-300
1003,12.060409,7.2004232,BD56-327
1004,12.776478,9.435747,BD56-395
1005,4.3255486,5.625789,BD56-400
1006,4.9851475,1.0618027,BD56-408
1007,8.160931,6.105541,BD56-410
1008,14.668843,12.390257,BD56-411
1009,-4.357947,10.260947,BD56-412
1010,-4.54248,10.758686,BD56-413
1011,7.596719,-2.960048,BD56-416
1012,8.3078,-3.2966347,BD56-418
1013,12.502856,5.4827075,BD56-419
1014,3.248607,6.200892,BD56-420
1015,-4.4906616,9.376451,BD56-423
1016,7.3423676,-2.696206,BD56-424
1017,1.5321263,5.537889,BD56-425
1018,9.876259,-3.675185,BD56-426
1019,12.851206,10.672573,BD56-427
1020,9.777435,-3.6521082,BD56-428
1021,13.429947,10.765584,BD56-430
1022,7.5146384,-2.8850849,BD56-431
1023,5.6936264,8.231898,BD56-432
1024,-1.4697828,12.399697,BD56-433
1025,12.777014,13.420892,BD56-436
1026,-1.8538182,12.244454,BD56-437
1027,10.345626,16.193268,BD56-438
1028,13.695557,14.538989,BD56-439
1029,8.499044,-3.3812604,BD56-441
1030,7.436775,11.728236,BD56-443
1031,7.7796235,12.025591,BD56-445
1032,10.225058,16.206812,BD56-446
1033,8.365976,-3.328119,BD56-447
1034,10.69497,7.150074,BD56-454
1035,5.0357413,8.960234,BD56-456
1036,9.174688,-3.6212292,BD56-457
1037,12.362127,5.3848925,BD56-458
1038,8.754077,7.415724,BD56-460
1039,0.10190483,12.447443,BD56-461
1040,7.6902337,11.905764,BD56-464
1041,14.74047,11.192992,BD56-466
1042,12.371481,8.536264,BD56-467
1043,12.657571,13.841014,BD56-468
1044,7.5307326,-2.9001698,BD56-470
1045,7.6771674,-3.0212457,BD56-471
1046,9.159273,-3.6218085,BD56-472
1047,7.798182,-3.083498,BD56-474
1048,-0.4217597,12.420487,BD56-475
1049,10.013557,4.4204483,BD56-476
1050,3.77217,6.4891996,BD56-477
1051,9.630189,-3.6568952,BD56-479
1052,5.495173,6.513921,BD56-480
1053,6.9040637,-2.1414049,BD56-481
1054,11.059015,16.019913,BD56-482
1055,8.279691,-3.277598,BD56-483
1056,4.375122,10.225502,BD56-486
1057,7.545587,-2.9128308,BD56-489
1058,12.945288,5.9376717,BD56-490
1059,4.958845,8.69953,BD56-491
1060,-3.0099814,14.400507,BD56-493
1061,9.652114,4.859328,BD56-495
1062,7.621862,-2.974638,BD56-499
1063,9.578622,4.649072,BD56-500
1064,7.822715,12.091525,BD56-502
1065,5.4384227,7.000913,BD56-505
1066,6.863955,-2.0827074,BD56-506
1067,6.8196087,11.208889,BD56-507
1068,10.057755,-3.6502209,BD56-508
1069,12.948442,5.943828,BD56-509
1070,8.627783,-3.434213,BD56-510
1071,12.894635,13.247012,BD56-516
1072,10.440237,16.184015,BD56-518
1073,9.149511,-3.6207097,BD56-519
1074,12.410214,7.995587,BD56-520
1075,10.034106,4.9343586,BD56-524
1076,12.556967,8.092474,BD56-525
1077,7.832964,5.991786,BD56-531
1078,9.209103,-3.6247163,BD56-532
1079,13.550437,11.002242,BD56-534
1080,12.829438,5.8789854,BD56-535
1081,12.221368,7.699188,BD56-537
1082,10.340904,4.6049585,BD56-538
1083,11.755655,15.95109,BD56-539
1084,5.2153854,10.218404,BD56-541
1085,10.9191675,15.932866,BD56-545
1086,6.7781343,11.163441,BD56-546
1087,12.496317,9.29775,BD56-552
1088,12.880976,5.9117217,BD56-554
1089,7.6051254,-2.967364,BD56-556
1090,5.7016997,7.504015,BD56-558
1091,9.938539,-3.749935,BD56-564
1092,13.460251,14.910388,BD56-565
1093,6.718438,6.70042,BD56-566
1094,14.598739,11.425776,BD56-571
1095,10.389815,16.318144,BD56-574
1096,14.213172,13.932824,BD56-577
1097,3.9393542,5.7529426,BD56-579
1098,11.86192,7.5413013,BD56-581
1099,12.595175,12.906378,BD56-585
1100,9.191808,4.628854,BD56-587
1101,9.867574,-3.680169,BD56-589
1102,8.881145,4.9809666,BD56-592
1103,10.069662,-3.635467,BD56-593
1104,12.661277,10.593166,BD56-595
1105,13.889554,14.323749,BD56-596
1106,12.852229,13.45908,BD56-597
1107,9.050753,7.57365,BD56-602
1108,-4.405036,0.49383956,BD56-603
1109,4.4077873,10.197721,BD56-605
1110,10.081279,-3.629786,BD56-606
1111,6.314094,10.647166,BD56-608
1112,14.71658,11.857278,BD56-612
1113,9.509943,5.143651,BD56-615
1114,5.434933,9.770804,BD56-618
1115,-4.4219246,8.636844,BD56-619
1116,10.906418,15.926246,BD56-621
1117,12.495957,8.10261,BD56-623
1118,12.793634,13.877927,BD56-624
1119,9.678012,16.190428,BD56-626
1120,5.559674,6.7733283,BD56-631
1121,12.733585,13.308218,BD56-632
1122,9.770955,16.218601,BD56-633
1123,12.438087,8.575137,BD56-634
1124,10.609485,16.243435,BD56-638
1125,12.974725,13.829694,BD56-640
1126,14.360727,13.712768,BD56-642
1127,8.168993,5.865723,BD56-646
1128,12.085501,7.3711686,BD56-647
1129,12.490544,14.705079,BD56-649
1130,13.581813,14.579893,BD56-654
1131,7.0347233,-2.3086178,BD56-657
1132,12.72011,5.940777,BD56-660
1133,12.80137,15.490924,BD56-664
1134,5.8765645,10.256912,BD56-669
1135,10.473534,7.113433,BD56-671
1136,12.620823,12.916592,BD56-678
1137,14.653308,11.189299,BD56-681
1138,11.197273,4.4285483,BD56-682
1139,10.129168,16.26123,BD56-683
1140,14.200796,13.906145,BD56-685
1141,12.894462,15.489343,BD56-702
1142,10.433527,16.354475,BD56-713
1143,9.876831,4.905676,BD56-719
1144,10.504753,7.0593333,BD56-729
1145,12.993705,14.262196,BD56-731
1146,8.574547,5.643163,BD56-739
1147,4.9325557,1.1212121,BD56-887
1148,12.438013,8.060108,BD56-900
1149,11.524081,8.612464,BD56-902
1150,5.469993,10.244978,BD56-904
1151,4.769126,8.575497,BD56-907
1152,4.6833653,9.396276,BD56-908
1153,12.386712,8.115887,BD56-910
1154,11.508025,15.788973,BD56-915
1155,12.669975,15.468626,BD56-916
1156,-5.8307548,13.223164,BD56-917
1157,9.894843,-3.3896103,BD56-920
1158,6.610202,6.7779436,BD56-926
1159,13.567109,9.623484,BD56-935
1160,10.603714,6.9363823,BD56-937
1161,1.0399292,12.482464,BD56-940
1162,9.761217,16.218174,BD56-944
1163,6.5683036,6.836672,BD56-949
1164,6.153984,10.468814,BD56-951
1165,14.425175,12.320387,BD56-953
1166,9.66842,16.164148,BD56-955
1167,9.65184,16.169659,BD56-959
1168,6.029282,7.5769315,BD56-960
1169,0.57993793,5.4903717,BD56-961
1170,11.951334,7.591139,BD56-963
1171,10.729264,16.113604,BD56-964
1172,8.34793,-3.317115,BD56-965
1173,0.913925,5.4942856,BD56-969
1174,12.116098,14.854421,BD56-973
1175,7.743664,11.975232,BD56-974
1176,11.707921,16.11391,BD56-976
1177,9.710152,5.1339827,BD57-001
1178,7.9030156,5.9833145,BD57-002
1179,-4.423267,10.1461935,BD57-003
1180,14.540728,13.244518,BD57-004
1181,0.012861572,5.5116525,BD57-005
1182,-0.33552527,5.4615088,BD57-006
1183,12.982224,15.354337,BD57-008
1184,10.703583,16.107426,BD57-009
1185,6.1328626,6.6757693,BD57-010
1186,14.64519,12.212538,BD57-0109
1187,6.42044,-1.4343143,BD57-012
1188,12.60494,15.547231,BD57-0121
1189,0.80305856,5.506736,BD57-013
1190,12.558691,9.328011,BD57-014
1191,11.81643,8.622501,BD57-015
1192,10.709832,8.67589,BD57-016
1193,3.3273394,6.0240083,BD57-017
1194,-4.8558874,10.456566,BD57-018
1195,0.488799,12.46354,BD57-020
1196,6.125485,-1.0136669,BD57-022
1197,13.9761,14.2067,BD57-0221
1198,12.508209,8.094933,BD57-023
1199,11.351984,8.485606,BD57-0233
1200,8.194075,6.19495,BD57-024
1201,-2.264148,12.2422085,BD57-025
1202,9.785638,5.1193786,BD57-028
1203,-5.103611,11.435593,BD57-0287
1204,-4.561007,10.856801,BD57-029
1205,12.376171,8.314722,BD57-030
1206,6.2316475,-1.1611311,BD57-031
1207,3.7385616,5.632515,BD57-0323
1208,5.8947625,7.588709,BD57-035
1209,11.274051,16.162947,BD57-0368
1210,4.3606515,5.7264605,BD57-037
1211,10.00225,-3.7439337,BD57-038
1212,11.258498,4.742495,BD57-039
1213,5.0951333,8.762205,BD57-0411
1214,5.5458903,6.9136605,BD57-042
1215,3.4659266,6.090831,BD57-043
1216,7.9895396,5.863791,BD57-045
1217,5.0177045,8.713995,BD57-046
1218,3.4414492,6.2041135,BD57-047
1219,6.7348847,-1.9199916,BD57-049
1220,5.829421,9.751376,BD57-051
1221,12.360398,8.57049,BD57-052
1222,5.967463,7.683599,BD57-054
1223,8.911708,4.906958,BD57-058
1224,9.485942,4.5747323,BD57-059
1225,4.706852,8.586362,BD57-060
1226,11.979775,7.4969797,BD57-061
1227,9.944277,-3.663807,BD57-062
1228,5.4419966,6.932763,BD57-065
1229,5.311038,10.243192,BD57-067
1230,12.662979,12.985063,BD57-068
1231,6.0216937,10.318332,BD57-069
1232,6.833645,11.224346,BD57-070
1233,11.934946,9.182038,BD57-072
1234,11.750372,7.525543,BD57-073
1235,1.033677,12.488368,BD57-077
1236,3.688613,6.329561,BD57-078
1237,9.020066,-3.5578218,BD57-079
1238,12.9918585,10.644295,BD57-080
1239,12.009528,7.1500072,BD57-082
1240,7.249958,11.576225,BD57-085
1241,14.076795,13.829519,BD57-087
1242,5.1620116,10.217477,BD57-089
1243,12.362557,14.62176,BD57-098
1244,12.817388,10.909442,BD57-099
1245,0.84039134,5.499128,BD58-0448
1246,-1.9706924,13.46635,BD58-0573
1247,0.96556455,12.465772,BD58-0577
1248,4.68455,9.798689,BD58-0580
1249,12.501256,5.4960766,BD58-0588
1250,12.3630905,15.2233925,BD58-0589
1251,-0.23955551,5.4276156,BG1-24
1252,-5.273091,11.821277,BG10-19
1253,8.789529,7.012318,BG4-25
1254,-5.769308,13.072448,BG7-20
1255,-2.672494,13.085556,C002
1256,5.8449445,6.657998,C034
1257,-3.1780806,14.548927,C058
1258,3.7883167,6.361465,C083
1259,9.579286,16.104666,C085
1260,11.403769,15.919651,C089
1261,11.04563,7.421602,C091
1262,1.8618476,5.6250687,C093
1263,-4.447926,8.802565,C102
1264,-4.48647,8.74307,C105
1265,4.7590537,9.678944,C110
1266,9.354754,5.50836,C119
1267,-2.4626024,12.622333,C121
1268,-2.6381547,13.937083,C144
1269,-4.367565,10.226034,C1A-B12
1270,-4.5382476,9.556772,C1A-B3
1271,-4.4653373,8.721439,C1A-C2
1272,-4.5265017,9.263286,C1A-F10
1273,11.930118,15.893529,C213
1274,1.5100309,5.5870595,C516
1275,14.170519,13.736639,C547
1276,10.3158245,6.9644217,C556
1277,7.687562,11.894628,C578
1278,-5.928098,13.409858,C591
1279,9.171663,7.703795,C594
1280,8.264265,-3.2345939,C597
1281,-4.509873,9.41407,CC12.1
1282,-4.486764,8.895716,CC12.3
1283,-5.912842,13.430612,CM32
1284,2.2066839,5.461415,COV2-2015
1285,12.420808,9.347486,COV2-2037
1286,6.6418467,6.801438,COV2-2064
1287,6.709438,-1.8602178,COV2-2072
1288,4.9432616,1.1236922,COV2-2098
1289,11.111105,4.961321,COV2-2103
1290,8.431467,6.4803877,COV2-2113
1291,11.306702,4.6518726,COV2-2268
1292,12.379338,15.250585,COV2-2308
1293,3.4069452,5.13285,COV2-2353
1294,7.455101,-2.8260827,COV2-2381
1295,9.470027,4.6097775,COV2-2389
1296,12.559121,5.5906525,COV2-2391
1297,3.8846078,6.5844564,COV2-2413
1298,-1.8325065,12.288612,COV2-2479
1299,12.831471,10.9441395,COV2-2485
1300,-2.9020956,5.5221744,COV2-2499
1301,-5.547795,12.535096,COV2-2504
1302,-1.3097807,4.6379747,COV2-2514
1303,6.548452,6.8786993,COV2-2539
1304,-4.4985576,9.404174,COV2-2589
1305,12.72831,13.115012,COV2-2628
1306,14.094379,14.090225,COV2-2677
1307,-1.6623837,5.4590435,COV2-2678
1308,7.6312733,-2.9869864,COV2-2684
1309,5.5484905,6.8254595,COV2-2693
1310,11.328525,4.6820292,COV2-2760
1311,4.6632915,9.639368,COV2-2780
1312,-4.5944934,9.796467,COV2-2807
1313,11.254163,4.672507,COV2-2819
1314,12.666894,13.173626,COV2-2841
1315,-4.740613,10.139726,COV2-2919
1316,8.263403,-3.2739182,COV2-2941
1317,1.0386189,12.482503,COV2-2955
1318,7.492922,-2.86248,COV2-3025
1319,-4.5235577,9.6092825,COVA2-04
1320,-5.10911,11.435708,COVA2-39
1321,11.433539,16.041283,COVOX-150
1322,10.074037,-3.6226878,COVOX-253H165L
1323,10.037569,-3.7273479,COVOX-253H55L
1324,-5.243676,11.842654,COVOX-269
1325,-5.146079,11.491701,COVOX-316
1326,-3.1024523,14.4931345,COVOX-384
1327,-1.9911036,13.46918,COVOX-40
1328,6.5786386,6.8171635,COVOX-75
1329,-4.4445844,8.673308,COVOX-88
1330,6.2645626,-1.2047553,CV-X2-106
1331,-3.031584,14.395298,CV05-163
1332,-3.1904461,14.576418,CV07-200
1333,6.5843563,-1.6661539,CV07-209
1334,-5.7424617,13.004226,CV07-222
1335,8.4295435,6.185415,CV07-250
1336,-5.2957644,11.846162,CV07-255
1337,-5.3772945,12.047507,CV07-262
1338,-0.46363723,12.413133,CV07-270
1339,-3.1368384,14.525562,CV07-283
1340,6.5356717,-1.6066092,CV07-287
1341,4.3086205,8.29051,CV07-315
1342,11.366073,8.990931,CV2-75
1343,2.5349107,5.8162813,CV30
1344,3.1561656,5.9033117,CV38-142
1345,-5.5943613,12.705166,DH1041
1346,-2.621682,12.931935,DH1042
1347,-5.908005,13.508023,DH1043
1348,6.5648847,6.858464,DH1044
1349,11.525019,15.992176,DH1045
1350,11.070619,8.881627,DH1046
1351,-2.1220942,12.110213,DH1047
1352,9.450478,6.693815,DH1063
1353,9.54539,8.002095,DH1064
1354,9.171777,7.583189,DH1073
1355,-1.479488,12.361496,DH1082
1356,-1.2625883,12.416605,DH1111
1357,8.704384,7.149604,DH1126
1358,-5.6246057,12.738227,DH1128
1359,-2.6345417,13.932551,DH1129
1360,-5.685564,12.837929,DH1130
1361,2.3130138,5.7240014,DH1140
1362,1.3428816,5.4952483,DH1143
1363,9.409768,7.0042434,DH1151
1364,0.5152274,5.488398,DH1154
1365,6.095673,-0.9777578,DH1155
1366,-3.0885115,14.477234,DH1159-2
1367,13.590451,10.989342,DH1160
1368,12.58033,9.290114,DH1161-1
1369,9.222468,7.6137915,DH1161-2
1370,-5.1197047,11.46597,DH1173
1371,-4.4660892,9.067818,DH1179
1372,-5.00169,11.0772,DH1180
1373,-1.7548908,13.281632,DH1183
1374,-2.7895062,14.1090145,DH1184
1375,-2.7429326,13.265637,DH1186
1376,-4.1685987,10.486712,DH1196
1377,1.4448472,5.5568285,DH1210
1378,-5.611404,12.679597,DH1214
1379,-1.1341553,12.419727,DXP-593
1380,-1.9783082,13.46444,Ehling_mAb-64
1381,6.3750396,10.720234,Ehling_mAb-82
1382,-3.1083536,14.503963,H4
1383,-4.520939,9.350578,LY-CoV016
1384,3.3554325,5.8988543,LY-CoV481
1385,-4.4697266,9.417334,LY-CoV488
1386,-1.6761326,12.3123255,LY-CoV555
1387,-4.4684963,9.7382555,P2B-1A10
1388,0.79564273,12.486372,P2B-2F6
1389,-5.074467,11.387274,P2C-1A3
1390,-4.4095907,8.633625,P4A1
1391,-4.458752,10.19203,P5A-2G9
1392,-4.370654,9.110536,P5A-3A1
1393,13.107043,9.798865,S2A4
1394,6.8030205,-2.0022209,S2E12
1395,-5.3665347,12.010471,S2H13
1396,-1.543046,12.758547,S2H14
1397,-2.9732487,14.351811,S2M11
1398,9.480754,8.088983,S2X259
1399,13.985346,10.3396015,S2X35
1400,10.456098,16.388323,S304
1401,5.2137737,7.5307684,TAU-2189
1402,6.051602,10.391344,TAU-2220
1403,6.4631114,6.937962,TAU-2230
1404,10.4929085,8.786648,TAU-2310
1405,1.3650495,5.5644784,WIBP-2B11
1406,-4.4961348,8.98803,XG-017
1407,13.156656,13.341567,XG2v-006
1408,9.860227,8.305001,XG2v-032
1409,3.747911,5.132494,XG2v-039
1410,4.379243,8.326708,XG2v-045
1411,8.954484,4.89363,XG2v-052
1412,8.931003,4.957047,XG2v-070
1413,5.057279,8.709455,XG2v-083
1414,6.526989,-1.5697309,XG2v-095
1415,2.6232374,5.551048,XG2v-098
1416,11.339331,8.400902,XG2v-126
1417,-5.1222577,11.455879,XGv-003
1418,1.0405456,12.485289,XGv-010
1419,7.6871595,6.006102,XGv-011
1420,14.071822,10.107378,XGv-013
1421,12.774098,5.841988,XGv-016
1422,12.619255,12.970321,XGv-017
1423,-1.3125659,5.06944,XGv-032
1424,-4.949805,11.032352,XGv-040
1425,10.543384,6.994562,XGv-047
1426,6.8426166,-2.042192,XGv-050
1427,7.728706,11.765166,XGv-051
1428,3.3095899,5.2068357,XGv-052
1429,10.579391,8.736799,XGv-053
1430,0.918529,5.4674044,XGv-055
1431,14.50481,13.37364,XGv-056
1432,-3.2086077,1.4856865,XGv-057
1433,11.988081,5.2158136,XGv-074
1434,-2.5318787,12.726529,XGv-094
1435,-4.3296704,9.949424,XGv-097
1436,-3.1337168,1.4119452,XGv-105
1437,12.6687355,10.457696,XGv-107
1438,-4.748867,10.357389,XGv-116
1439,-2.5765643,12.813957,XGv-152
1440,-5.582201,12.60609,XGv-155
1441,10.813536,8.86255,XGv-159
1442,0.6054059,12.477954,XGv-172
1443,10.157125,4.6132917,XGv-174
1444,10.117212,4.443528,XGv-175
1445,10.10734,8.4140005,XGv-177
1446,4.901229,7.17941,XGv-191
1447,5.294813,10.182749,XGv-198
1448,11.3880625,7.568894,XGv-199
1449,14.699339,13.157477,XGv-208
1450,10.34787,7.405516,XGv-212
1451,-5.157128,11.525254,XGv-225
1452,11.180434,7.220949,XGv-227
1453,-5.9249144,13.445847,XGv-232
1454,12.607872,14.232742,XGv-233
1455,14.759493,11.849762,XGv-236
1456,13.049771,10.366268,XGv-250
1457,5.695311,8.132918,XGv-251
1458,12.485356,8.083648,XGv-253
1459,2.4024813,5.7050276,XGv-261
1460,10.58108,7.093125,XGv-263
1461,11.990888,7.183766,XGv-264
1462,12.576527,5.659504,XGv-265
1463,9.715877,5.338792,XGv-266
1464,0.9874569,12.48414,XGv-271
1465,6.4818068,-1.5129482,XGv-279
1466,11.763888,5.0856404,XGv-282
1467,10.65048,7.061034,XGv-284
1468,11.563573,5.0368195,XGv-285
1469,11.624691,5.07909,XGv-286
1470,7.9970846,5.955745,XGv-287
1471,9.397649,5.5307264,XGv-288
1472,12.268875,5.3815384,XGv-289
1473,12.209002,5.3414936,XGv-290
1474,11.633506,5.0861263,XGv-291
1475,11.848297,5.1540585,XGv-292
1476,11.550701,5.0724573,XGv-293
1477,9.276127,5.6558647,XGv-294
1478,12.802788,5.849985,XGv-295
1479,12.138049,5.3048534,XGv-296
1480,12.884537,5.9051948,XGv-297
1481,13.901448,10.066183,XGv-300
1482,5.4531364,6.578969,XGv-324
1483,-2.574079,12.823388,XGv-337
1484,6.028113,7.597555,XGv-343
1485,8.907185,4.904265,XGv-345
1486,7.818591,12.086193,XGv-346
1487,10.062331,-3.5989573,XGv-347
1488,-1.2159525,4.782004,XGv-360
1489,-4.5258927,9.367902,XGv-387
1490,8.72623,7.1735373,XGv-404
1491,9.837886,16.243656,XGv-405
1492,6.272856,-1.2188853,XGv-409
1493,7.6604476,5.9907994,XGv-412
1494,-1.4649782,4.731797,XGv-416
1495,9.879838,4.6299896,XGv-420
1496,-2.0680485,5.507039,XGv-421
